          40   6.5142040089893882E-007
          80   1.5844198192338510E-007
         120   1.1532211764975209E-006
         160   9.1211945696390018E-007
         200   8.1966041320935545E-007
         240   7.7593884234561372E-007
         280   7.5240431718359702E-007
         320   7.3298762104379023E-007
         360   7.1834107695512017E-007
         400   7.0231192444980550E-007
         440   6.8934486929794758E-007
         480   6.7748339749318376E-007
         520   6.6384332225721820E-007
         560   6.5217622513547013E-007
         600   6.4216338840905607E-007
         640   6.3164511582280980E-007
         680   6.2094401087620099E-007
         720   6.1122788819201190E-007
         760   6.0249834915593325E-007
         800   5.9418678183265072E-007
         840   5.8592163471038461E-007
         880   5.7791545315932780E-007
         920   5.7038675671527983E-007
         960   5.6315021224051520E-007
        1000   5.5614470095832758E-007
        1040   5.4952287420473311E-007
        1080   5.4327308107726680E-007
        1120   5.3732493399127890E-007
        1160   5.3155956714068253E-007
        1200   5.2591016524994316E-007
        1240   5.2036349074136012E-007
        1280   5.1494975911170471E-007
        1320   5.0974681986559744E-007
        1360   5.0476425916823331E-007
        1400   4.9995920808898475E-007
        1440   4.9523368100823362E-007
        1480   4.9055611661685816E-007
        1520   4.8595729368328122E-007
        1560   4.8147042758239778E-007
        1600   4.7713650541680863E-007
        1640   4.7293038407669741E-007
        1680   4.6886740601159715E-007
        1720   4.6493185601459430E-007
        1760   4.6114273832831287E-007
        1800   4.5753301486373132E-007
        1840   4.5410202803575217E-007
        1880   4.5086877697997352E-007
        1920   4.4788456016187084E-007
        1960   4.4520508241108203E-007
        2000   4.4283359301733327E-007
        2040   4.4075433403012454E-007
        2080   4.3896996926306997E-007
        2120   4.3750485589910681E-007
        2160   4.3637386493156072E-007
        2200   4.3558757112371893E-007
        2240   4.3515905101543240E-007
        2280   4.3513561548413904E-007
        2320   4.3556165607583353E-007
        2360   4.3641686436890481E-007
        2400   4.3771176821971736E-007
        2440   4.3948149691663829E-007
        2480   4.4172961277677558E-007
        2520   4.4444382923947146E-007
        2560   4.4761716849750499E-007
        2600   4.5128017978068868E-007
        2640   4.5535082143777217E-007
        2680   4.5984948693345018E-007
        2720   4.6477332005245842E-007
        2760   4.7008154840932903E-007
        2800   4.7576304346153009E-007
        2840   4.8181705480931925E-007
        2880   4.8822415110727491E-007
        2920   4.9496280590810571E-007
        2960   5.0200421503054926E-007
        3000   5.0932855810703614E-007
        3040   5.1691203117876228E-007
        3080   5.2473608985748044E-007
        3120   5.3277218475811239E-007
        3160   5.4099211954650173E-007
        3200   5.4936299753727269E-007
        3240   5.5786169894656013E-007
        3280   5.6645455437376313E-007
        3320   5.7507064182837908E-007
        3360   5.8366811078736092E-007
        3400   5.9224123144518970E-007
        3440   6.0078209596081678E-007
        3480   6.0925776923514974E-007
        3520   6.1764473840986156E-007
        3560   6.2591132188316578E-007
        3600   6.3402762368047760E-007
        3640   6.4196880078526419E-007
        3680   6.4971219504439404E-007
        3720   6.5723796577321636E-007
        3760   6.6452719160725593E-007
        3800   6.7156122451894618E-007
        3840   6.7831005934326782E-007
        3880   6.8475050141181271E-007
        3920   6.9086891713032728E-007
        3960   6.9665047464084751E-007
        4000   7.0208283187156439E-007
        4040   7.0715788469399854E-007
        4080   7.1186763495045824E-007
        4120   7.1620674180206123E-007
        4160   7.2016809538055782E-007
        4200   7.2374923965057292E-007
        4240   7.2694789826632800E-007
        4280   7.2976333620466960E-007
        4320   7.3219589025175225E-007
        4360   7.3424459962057043E-007
        4400   7.3590742732942971E-007
        4440   7.3717162241138112E-007
        4480   7.3805171701968320E-007
        4520   7.3855242910259022E-007
        4560   7.3866738964367684E-007
        4600   7.3840104775069193E-007
        4640   7.3776255782309619E-007
        4680   7.3675889222801771E-007
        4720   7.3539762363017402E-007
        4760   7.3369114927945844E-007
        4800   7.3163953479005173E-007
        4840   7.2925062577500199E-007
        4880   7.2653612248618771E-007
        4920   7.2350402668952540E-007
        4960   7.2016608393399295E-007
        5000   7.1652960981216651E-007
        5040   7.1260351558466439E-007
        5080   7.0839691801438676E-007
        5120   7.0392146483966300E-007
        5160   6.9918323625239864E-007
        5200   6.9418831716294704E-007
        5240   6.8894360899518503E-007
        5280   6.8345506382128107E-007
        5320   6.7772868750370918E-007
        5360   6.7176818652203707E-007
        5400   6.6558007350003834E-007
        5440   6.5917078234667414E-007
        5480   6.5254431508288135E-007
        5520   6.4570452867895867E-007
        5560   6.3865479399405345E-007
        5600   6.3139994921357356E-007
        5640   6.2394346800331846E-007
        5680   6.1628415232162226E-007
        5720   6.0842385596338033E-007
        5760   6.0036394816664895E-007
        5800   5.9210542235899055E-007
        5840   5.8364814725653247E-007
        5880   5.7499318806275568E-007
        5920   5.6614144328115401E-007
        5960   5.5709277890780839E-007
        6000   5.4784749792258225E-007
        6040   5.3838613567336324E-007
        6080   5.2878021911118012E-007
        6120   5.1894161545718021E-007
        6160   5.0889225489125778E-007
        6200   4.9864009243894003E-007
        6240   4.8818082387658279E-007
        6280   4.7751445791943681E-007
        6320   4.6665261138612024E-007
        6360   4.5559561506758328E-007
        6400   4.4433844376134957E-007
        6440   4.3287613488152132E-007
        6480   4.2120464016637271E-007
        6520   4.0931865930016187E-007
        6560   3.9721607947296178E-007
        6600   3.8489466069879796E-007
        6640   3.7235656286105367E-007
        6680   3.5960771532783653E-007
        6720   3.4665019121860041E-007
        6760   3.3345349714775097E-007
        6800   3.2002803351804943E-007
        6840   3.0638250742009987E-007
        6880   2.9252492150799725E-007
        6920   2.7846455374902490E-007
        6960   2.6420599263943245E-007
        7000   2.4975244250491357E-007
        7040   2.3510676216975668E-007
        7080   2.2027457929896244E-007
        7120   2.0525987626252018E-007
        7160   1.9006759705009202E-007
        7200   1.7470371899142023E-007
        7240   1.5917606993598454E-007
        7280   1.4349039501038163E-007
        7320   1.2765695278638134E-007
        7360   1.1168638391900743E-007
        7400   9.5589033743959106E-008
        7440   7.9376875516956602E-008
        7480   6.3061272925768463E-008
        7520   4.6656251251331327E-008
        7560   3.0181401822204634E-008
        7600   1.3636565376895504E-008
        7640   2.9566716852613695E-009
        7680   1.9583251575916449E-008
        7720   3.6229420297129167E-008
        7760   5.2879134460059873E-008
        7800   6.9515936340636131E-008
        7840   8.6123912446112172E-008
        7880   1.0268631112086979E-007
        7920   1.1918595566040580E-007
        7960   1.3560481249008660E-007
        8000   1.5192417923692858E-007
        8040   1.6812551817402266E-007
        8080   1.8419194175445242E-007
        8120   2.0010679635529272E-007
        8160   2.1585421261516302E-007
        8200   2.3141894556211184E-007
        8240   2.4679469806665466E-007
        8280   2.6197030805752419E-007
        8320   2.7690480369768622E-007
        8360   2.9155754005527612E-007
        8400   3.0592090299874641E-007
        8440   3.1999591876274991E-007
        8480   3.3377282349089654E-007
        8520   3.4723794412050424E-007
        8560   3.6037166767366458E-007
        8600   3.7313634876356971E-007
        8640   3.8555125903005916E-007
        8680   3.9757980924148839E-007
        8720   4.0920674138078539E-007
        8760   4.2041815662141602E-007
        8800   4.3120110443384263E-007
        8840   4.4154373474158959E-007
        8880   4.5143479532328001E-007
        8920   4.6086360466768284E-007
        8960   4.6981986034921874E-007
        9000   4.7829364829832244E-007
        9040   4.8627644699816841E-007
        9080   4.9376158955949379E-007
        9120   5.0073789353843878E-007
        9160   5.0720025651651568E-007
        9200   5.1314257998313906E-007
        9240   5.1855943394851778E-007
        9280   5.2344706713558509E-007
        9320   5.2781780396360389E-007
        9360   5.3163115965038088E-007
        9400   5.3490650125942452E-007
        9440   5.3764037866166348E-007
        9480   5.3983146730551823E-007
        9520   5.4147831890505316E-007
        9560   5.4258344422963845E-007
        9600   5.4314773284547258E-007
        9640   5.4318406611519876E-007
        9680   5.4267235871652275E-007
        9720   5.4162273760427482E-007
        9760   5.4003521293699563E-007
        9800   5.3793228099729973E-007
        9840   5.3529890231551747E-007
        9880   5.3216534295907891E-007
        9920   5.2853728227386654E-007
        9960   5.2440548847787483E-007
       10000   5.1979665860457658E-007
       10040   5.1470096579242508E-007
       10080   5.0912382532075640E-007
       10120   5.0307283661066293E-007
       10160   4.9655737571763225E-007
       10200   4.8958785614505729E-007
       10240   4.8217571285702476E-007
       10280   4.7433218158809964E-007
       10320   4.6606898918000184E-007
       10360   4.5739770387909218E-007
       10400   4.4832983281395400E-007
       10440   4.3887687511956486E-007
       10480   4.2905014924210505E-007
       10520   4.1886043583572174E-007
       10560   4.0832062914164524E-007
       10600   3.9744270508013102E-007
       10640   3.8624430959144362E-007
       10680   3.7473347552774428E-007
       10720   3.6292227062473259E-007
       10760   3.5082712079859135E-007
       10800   3.3846089442235439E-007
       10840   3.2584172193761418E-007
       10880   3.1298673364155150E-007
       10920   2.9990458338957637E-007
       10960   2.8659990780610656E-007
       11000   2.7307929956199573E-007
       11040   2.5935109659869227E-007
       11080   2.4544167159801233E-007
       11120   2.3136415255864407E-007
       11160   2.1713600706352310E-007
       11200   2.0277355150533083E-007
       11240   1.8828867903719626E-007
       11280   1.7369483296114652E-007
       11320   1.5900397154489099E-007
       11360   1.4422571459338229E-007
       11400   1.2937195803530699E-007
       11440   1.1445389558328856E-007
       11480   9.9409589116028485E-008
       11520   8.4402354882939790E-008
       11560   6.9364213151068554E-008
       11600   5.4307295382916010E-008
       11640   3.9242867122535330E-008
       11680   2.4182566893404811E-008
       11720   9.1376858857294962E-009
       11760   5.8804212610397144E-009
       11800   2.0860774441189278E-008
       11840   3.5792556252189911E-008
       11880   5.0665250272974305E-008
       11920   6.5468589938166843E-008
       11960   8.0192623208574787E-008
       12000   9.4827699637090035E-008
       12040   1.0936513389347979E-007
       12080   1.2379514519045287E-007
       12120   1.3811997207069382E-007
       12160   1.5224056820750675E-007
       12200   1.6630560345509693E-007
       12240   1.8022862552369290E-007
       12280   1.9400227685428817E-007
       12320   2.0762000252361190E-007
       12360   2.2107482217093022E-007
       12400   2.3436018709022122E-007
       12440   2.4746981192036444E-007
       12480   2.6039759704055143E-007
       12520   2.7313892608793466E-007
       12560   2.8568792881378258E-007
       12600   2.9803441270459530E-007
       12640   3.1017962598411941E-007
       12680   3.2211523554037669E-007
       12720   3.3383641961926003E-007
       12760   3.4533858517260541E-007
       12800   3.5661722641577853E-007
       12840   3.6765961980433914E-007
       12880   3.7847905237642365E-007
       12920   3.8906535965166356E-007
       12960   3.9941636126306079E-007
       13000   4.0952903651580996E-007
       13040   4.1940199563272884E-007
       13080   4.2903423708162691E-007
       13120   4.3842373587121841E-007
       13160   4.4756898343045748E-007
       13200   4.5646846802416263E-007
       13240   4.6512100715379034E-007
       13280   4.7352480131435115E-007
       13320   4.8167832528145382E-007
       13360   4.8958058096459922E-007
       13400   4.9723033379578396E-007
       13440   5.0462725914579565E-007
       13480   5.1177058812967857E-007
       13520   5.1865957423347098E-007
       13560   5.2529424798830604E-007
       13600   5.3167507518825374E-007
       13640   5.3780081071819197E-007
       13680   5.4366648499781789E-007
       13720   5.4927514475666683E-007
       13760   5.5463856074577933E-007
       13800   5.5976397661527955E-007
       13840   5.6464792858035295E-007
       13880   5.6928615210782851E-007
       13920   5.7367643424566239E-007
       13960   5.7782007617523945E-007
       14000   5.8173948758177829E-007
       14040   5.8539673186697172E-007
       14080   5.8882709119689736E-007
       14120   5.9203552876807564E-007
       14160   5.9502463728433597E-007
       14200   5.9779798655679173E-007
       14240   6.0035825349968874E-007
       14280   6.0270532664663534E-007
       14320   6.0484858049880685E-007
       14360   6.0678564012262015E-007
       14400   6.0852037542247217E-007
       14440   6.1005635620947629E-007
       14480   6.1139717483227329E-007
       14520   6.1254673477950661E-007
       14560   6.1350906160884122E-007
       14600   6.1428803749263849E-007
       14640   6.1488598596115551E-007
       14680   6.1530982481405871E-007
       14720   6.1556372937809911E-007
       14760   6.1565215048187127E-007
       14800   6.1557956665403424E-007
       14840   6.1535047185534708E-007
       14880   6.1496936820670811E-007
       14920   6.1444077298355992E-007
       14960   6.1376919530120588E-007
       15000   6.1295911013559135E-007
       15040   6.1201493045670574E-007
       15080   6.1094103148695567E-007
       15120   6.0974168886174240E-007
       15160   6.0842142168837654E-007
       15200   6.0698437287509677E-007
       15240   6.0543470997709292E-007
       15280   6.0377653338106185E-007
       15320   6.0201388107916642E-007
       15360   6.0015078845454539E-007
       15400   5.9819125475257806E-007
       15440   5.9613906466804423E-007
       15480   5.9399830765194395E-007
       15520   5.9177284339462233E-007
       15560   5.8946656011915621E-007
       15600   5.8708335881618723E-007
       15640   5.8462706153949995E-007
       15680   5.8210148140558360E-007
       15720   5.7951043380688461E-007
       15760   5.7685772231197419E-007
       15800   5.7414055842919254E-007
       15840   5.7137703118881333E-007
       15880   5.6856258584536690E-007
       15920   5.6570091400143241E-007
       15960   5.6279562771210934E-007
       16000   5.5985037172856522E-007
       16040   5.5686867367343851E-007
       16080   5.5385856689849078E-007
       16120   5.5081994793093614E-007
       16160   5.4775329744183310E-007
       16200   5.4466247895179620E-007
       16240   5.4155118450749384E-007
       16280   5.3842291308781043E-007
       16320   5.3528097504473848E-007
       16360   5.3212854644879570E-007
       16400   5.2896864016771517E-007
       16440   5.2580412490677020E-007
       16480   5.2263772576388590E-007
       16520   5.1947204759983379E-007
       16560   5.1630957731418903E-007
       16600   5.1315269894436355E-007
       16640   5.1000366763087612E-007
       16680   5.0686454727832952E-007
       16720   5.0373711196760595E-007
       16760   5.0062289269625637E-007
       16800   4.9752338987518741E-007
       16840   4.9444031596790339E-007
       16880   4.9137570767854299E-007
       16920   4.8833189703056945E-007
       16960   4.8531137764040722E-007
       17000   4.8231664384612571E-007
       17040   4.7935006874944008E-007
       17080   4.7641379052887345E-007
       17120   4.7350970672210835E-007
       17160   4.7063946290171188E-007
       17200   4.6780449480809949E-007
       17240   4.6500605760391167E-007
       17280   4.6224529515193069E-007
       17320   4.5952326682696665E-007
       17360   4.5684099236886766E-007
       17400   4.5419945116087490E-007
       17440   4.5159959327634169E-007
       17480   4.4904233043041586E-007
       17520   4.4652853548043936E-007
       17560   4.4405901944433168E-007
       17600   4.4163452178613838E-007
       17640   4.3925569603864290E-007
       17680   4.3692311157972341E-007
       17720   4.3463720877934264E-007
       17760   4.3239827574037548E-007
       17800   4.3020652562564266E-007
       17840   4.2806206151935200E-007
       17880   4.2596488164514668E-007
       17920   4.2391488519477605E-007
       17960   4.2191187299422950E-007
       18000   4.1995559485474843E-007
       18040   4.1804568490233507E-007
       18080   4.1618162599510455E-007
       18120   4.1436287911977843E-007
       18160   4.1258878480388006E-007
       18200   4.1085870022827820E-007
       18240   4.0917186733269162E-007
       18280   4.0752739977056862E-007
       18320   4.0592428790509061E-007
       18360   4.0436146819811114E-007
       18400   4.0283795194051564E-007
       18440   4.0135287249221108E-007
       18480   3.9990554151492219E-007
       18520   3.9849545052650370E-007
       18560   3.9712222560384092E-007
       18600   3.9578558264086183E-007
       18640   3.9448525634977472E-007
       18680   3.9322093858817908E-007
       18720   3.9199222379160403E-007
       18760   3.9079855984613943E-007
       18800   3.8963923015833402E-007
       18840   3.8851339323464629E-007
       18880   3.8742002828051625E-007
       18920   3.8635798904618213E-007
       18960   3.8532601887020235E-007
       19000   3.8432277676969662E-007
       19040   3.8334686419672082E-007
       19080   3.8239684863050627E-007
       19120   3.8147128050836088E-007
       19160   3.8056869261504644E-007
       19200   3.7968794541765050E-007
       19240   3.7882764741814512E-007
       19280   3.7798611390860160E-007
       19320   3.7716175799173968E-007
       19360   3.7635306898708976E-007
       19400   3.7555857773652335E-007
       19440   3.7477684283748758E-007
       19480   3.7400643787544041E-007
       19520   3.7324593582521715E-007
       19560   3.7249390844040775E-007
       19600   3.7174891082125683E-007
       19640   3.7100951394419823E-007
       19680   3.7027426674773878E-007
       19720   3.6954169579939133E-007
       19760   3.6881013015799269E-007
       19800   3.6807827985541053E-007
       19840   3.6750005888430692E-007
       19880   3.6674011116843985E-007
       19920   3.6597878855237909E-007
       19960   3.6521395480049179E-007
       20000   3.6444356987797022E-007
       20040   3.6366576477986357E-007
       20080   3.6287868671047718E-007
       20120   3.6208066495069247E-007
       20160   3.6127015079490121E-007
       20200   3.6044571366522504E-007
       20240   3.5960606670215611E-007
       20280   3.5875000969909365E-007
       20320   3.5787647634233366E-007
       20360   3.5698449940557708E-007
       20400   3.5607318632502327E-007
       20440   3.5514172053163762E-007
       20480   3.5418933674868924E-007
       20520   3.5321531388632366E-007
       20560   3.5221895433590333E-007
       20600   3.5119958058382750E-007
       20640   3.5015651106418133E-007
       20680   3.4908906038078058E-007
       20720   3.4799659232032099E-007
       20760   3.4687844746583707E-007
       20800   3.4573393958847731E-007
       20840   3.4456240027846974E-007
       20880   3.4336322635164507E-007
       20920   3.4213574973129823E-007
       20960   3.4087929096093816E-007
       21000   3.3959323847421174E-007
       21040   3.3827699291721913E-007
       21080   3.3692996226353245E-007
       21120   3.3555156842002276E-007
       21160   3.3414124706032666E-007
       21200   3.3269844962324768E-007
       21240   3.3122220721715223E-007
       21280   3.2971185098817912E-007
       21320   3.2816800737967000E-007
       21360   3.2659004889357135E-007
       21400   3.2497742696868670E-007
       21440   3.2332964305936684E-007
       21480   3.2164622854047309E-007
       21520   3.1992677917980217E-007
       21560   3.1817093759656245E-007
       21600   3.1637838610043545E-007
       21640   3.1454882204462464E-007
       21680   3.1268199029987898E-007
       21720   3.1077774037546746E-007
       21760   3.0883587864849460E-007
       21800   3.0685622770532106E-007
       21840   3.0483867535791020E-007
       21880   3.0278318535748028E-007
       21920   3.0068966228036231E-007
       21960   2.9855808492129654E-007
       22000   2.9638847548474345E-007
       22040   2.9418088376420570E-007
       22080   2.9193541428718106E-007
       22120   2.8965220771892675E-007
       22160   2.8733142465320327E-007
       22200   2.8497324899845466E-007
       22240   2.8257788797780847E-007
       22280   2.8014556813227287E-007
       22320   2.7767652399646181E-007
       22360   2.7517100847918030E-007
       22400   2.7262930035742983E-007
       22440   2.7005170050165006E-007
       22480   2.6743854297794911E-007
       22520   2.6479019166192330E-007
       22560   2.6210704912044136E-007
       22600   2.5938957376459015E-007
       22640   2.5663828301381031E-007
       22680   2.5385375096442786E-007
       22720   2.5103660938885497E-007
       22760   2.4818753852073883E-007
       22800   2.4530726544513826E-007
       22840   2.4239657991920183E-007
       22880   2.3945628424559828E-007
       22920   2.3648720781643817E-007
       22960   2.3349017336249389E-007
       23000   2.3046887676070327E-007
       23040   2.2742133148900834E-007
       23080   2.2413317007918820E-007
       23120   2.2104632380059996E-007
       23160   2.1793357518617995E-007
       23200   2.1479598766305230E-007
       23240   2.1163451385808330E-007
       23280   2.0845003462222067E-007
       23320   2.0524336141747312E-007
       23360   2.0201524864038589E-007
       23400   1.9876640428018177E-007
       23440   1.9549749291636331E-007
       23480   1.9220914038164949E-007
       23520   1.8890193753673401E-007
       23560   1.8557644260175366E-007
       23600   1.8223318487553541E-007
       23640   1.7887271525074411E-007
       23680   1.7549552261408863E-007
       23720   1.7210211422646893E-007
       23760   1.6869301616706522E-007
       23800   1.6526877932854234E-007
       23840   1.6182999262870368E-007
       23880   1.5837730688028628E-007
       23920   1.5491146965196378E-007
       23960   1.5143322779076485E-007
       24000   1.4794338915047334E-007
       24040   1.4444290197257459E-007
       24080   1.4093274186555149E-007
       24120   1.3741388943389055E-007
       24160   1.3388740316422343E-007
       24200   1.3035433804597929E-007
       24240   1.2681576017081753E-007
       24280   1.2327273651857595E-007
       24320   1.1972631569490133E-007
       24360   1.1617751960457667E-007
       24400   1.1262734045391909E-007
       24440   1.0907672898241572E-007
       24480   1.0552659179818846E-007
       24520   1.0197779271026164E-007
       24560   9.8431147455002588E-008
       24600   9.4887428359058390E-008
       24640   9.1347362007887511E-008
       24680   8.7811628690648291E-008
       24720   8.4280889434129591E-008
       24760   8.0755760856199288E-008
       24800   7.7236834594707204E-008
       24840   7.3724675253572514E-008
       24880   7.0219826842077282E-008
       24920   6.6722813274466830E-008
       24960   6.3234136482570591E-008
       25000   5.9754300452130593E-008
       25040   5.6283797122969048E-008
       25080   5.2823107443700223E-008
       25120   4.9372714083784075E-008
       25160   4.5933080006221871E-008
       25200   4.2504662178810548E-008
       25240   3.9087921510638779E-008
       25280   3.5683307364475780E-008
       25320   3.2291274321138985E-008
       25360   2.8912264860014858E-008
       25400   2.5546723292357854E-008
       25440   2.2195088267285001E-008
       25480   1.8857793493420871E-008
       25520   1.5535270347921681E-008
       25560   1.2227938106512681E-008
       25600   8.9362257038594350E-009
       25640   5.6605499731965381E-009
       25680   2.4013113164578215E-009
       25720   8.4109613718297283E-010
       25760   4.0662848643790994E-009
       25800   7.2738796097482350E-009
       25840   1.0463511224134692E-008
       25880   1.3634822770836053E-008
       25920   1.6787469359069718E-008
       25960   1.9921109206677556E-008
       26000   2.3035417739958319E-008
       26040   2.6130078323305383E-008
       26080   2.9204781093472576E-008
       26120   3.2259234339360177E-008
       26160   3.5293153788362730E-008
       26200   3.8306263272502861E-008
       26240   4.1298314878979170E-008
       26280   4.4269058085966151E-008
       26320   4.7218244980662405E-008
       26360   5.0145640639875921E-008
       26400   5.3051013970684124E-008
       26440   5.5934177123351247E-008
       26480   5.8794937252137913E-008
       26520   6.1633095960189621E-008
       26560   6.4448473391376382E-008
       26600   6.7240903067755653E-008
       26640   7.0010225283745342E-008
       26680   7.2756290270259427E-008
       26720   7.5478957251018386E-008
       26760   7.8178100493264679E-008
       26800   8.0853603257047268E-008
       26840   8.3505357739710462E-008
       26880   8.6133266574695000E-008
       26920   8.8737238668201712E-008
       26960   9.1317192141282533E-008
       27000   9.3873048168102713E-008
       27040   9.6404740079769624E-008
       27080   9.8912206980550366E-008
       27120   1.0139539530218400E-007
       27160   1.0385425763814737E-007
       27200   1.0628875662943571E-007
       27240   1.0869887595577055E-007
       27280   1.1108460912234719E-007
       27320   1.1344589889716872E-007
       27360   1.1578275183055098E-007
       27400   1.1809500799486727E-007
       27440   1.2038288471627467E-007
       27480   1.2264635013137237E-007
       27520   1.2488538131405491E-007
       27560   1.2709999208659895E-007
       27600   1.2929020148932935E-007
       27640   1.3145604033093505E-007
       27680   1.3359754275077407E-007
       27720   1.3571475238061126E-007
       27760   1.3780771879190468E-007
       27800   1.3987649905011779E-007
       27840   1.4192115388445004E-007
       27880   1.4394175268384046E-007
       27920   1.4593836750176337E-007
       27960   1.4791107699752004E-007
       28000   1.4985995860916645E-007
       28040   1.5178510032187731E-007
       28080   1.5368658939918234E-007
       28120   1.5556451937737137E-007
       28160   1.5741898329313386E-007
       28200   1.5925008300943233E-007
       28240   1.6105791700304906E-007
       28280   1.6284259052312677E-007
       28320   1.6460421103925427E-007
       28360   1.6634289123906854E-007
       28400   1.6805873687131268E-007
       28440   1.6975185923584490E-007
       28480   1.7142224023602992E-007
       28520   1.7306963590035807E-007
       28560   1.7469493374111522E-007
       28600   1.7629829102139283E-007
       28640   1.7787991202222742E-007
       28680   1.7944038160910836E-007
       28720   1.8098013165879223E-007
       28760   1.8249939021108830E-007
       28800   1.8399820184145099E-007
       28840   1.8547648944489126E-007
       28880   1.8693407016767694E-007
       28920   1.8837072424116030E-007
       28960   1.8978623583798537E-007
       29000   1.9118043642629701E-007
       29040   1.9255322458722191E-007
       29080   1.9390458450008197E-007
       29120   1.9523456451508991E-007
       29160   1.9654328775597918E-007
       29200   1.9783093835323839E-007
       29240   1.9909773840698364E-007
       29280   2.0034392489431951E-007
       29320   2.0156973856710891E-007
       29360   2.0277541662450105E-007
       29400   2.0396118127763430E-007
       29440   2.0512724013821426E-007
       29480   2.0627380731275125E-007
       29520   2.0740108075401054E-007
       29560   2.0850921361725838E-007
       29600   2.0959831914524329E-007
       29640   2.1066845934392120E-007
       29680   2.1171967962141380E-007
       29720   2.1275206146809111E-007
       29760   2.1376578013265757E-007
       29800   2.1476113054585966E-007
       29840   2.1573851827216828E-007
       29880   2.1669844690874740E-007
       29920   2.1764144453317869E-007
       29960   2.1856805698661219E-007
       30000   2.1947880624040295E-007
       30040   2.2037403590857707E-007
       30080   2.2125404230965984E-007
       30120   2.2211899253221645E-007
       30160   2.2296898477547344E-007
       30200   2.2380402758814810E-007
       30240   2.2462407822665398E-007
       30280   2.2542903466149511E-007
       30320   2.2621883710716162E-007
       30360   2.2699342355769758E-007
       30400   2.2775277858100296E-007
       30440   2.2849692515869435E-007
       30480   2.2922593134744318E-007
       30520   2.2993995812958801E-007
       30560   2.3063919568633295E-007
       30600   2.3132387355628836E-007
       30640   2.3199426385511757E-007
       30680   2.3265063509025907E-007
       30720   2.3329326337417911E-007
       30760   2.3392244802300510E-007
       30800   2.3453845615639679E-007
       30840   2.3514153113524117E-007
       30880   2.3573188545622514E-007
       30920   2.3630970230614778E-007
       30960   2.3687514094650197E-007
       31000   2.3742830262962755E-007
       31040   2.3796926346131286E-007
       31080   2.3849809821507861E-007
       31120   2.3901485368682529E-007
       31160   2.3951955363532562E-007
       31200   2.4001221338165735E-007
       31240   2.4049283320337622E-007
       31280   2.4096138701024117E-007
       31320   2.4141787230425038E-007
       31360   2.4186232644440864E-007
       31400   2.4229477146864298E-007
       31440   2.4271521731344947E-007
       31480   2.4312370211498902E-007
       31520   2.4352029037721934E-007
       31560   2.4390505926064066E-007
       31600   2.4427809031113412E-007
       31640   2.4463949604980328E-007
       31680   2.4498935174976921E-007
       31720   2.4532778569730240E-007
       31760   2.4565486106409296E-007
       31800   2.4597049419483596E-007
       31840   2.4627441758129365E-007
       31880   2.4656632591213423E-007
       31920   2.4684610611114266E-007
       31960   2.4711398266541451E-007
       32000   2.4737053072598769E-007
       32040   2.4761658123928498E-007
       32080   2.4785306107499849E-007
       32120   2.4808082571547985E-007
       32160   2.4830054839997118E-007
       32200   2.4851266788861182E-007
       32240   2.4871739223719658E-007
       32280   2.4891472621968447E-007
       32320   2.4910452900428481E-007
       32360   2.4928657160749879E-007
       32400   2.4946058829744544E-007
       32440   2.4962631572922334E-007
       32480   2.4978353252436136E-007
       32520   2.4993207087264935E-007
       32560   2.5007182619107837E-007
       32600   2.5020277993892392E-007
       32640   2.5032494394006122E-007
       32680   2.5043840878868906E-007
       32720   2.5054327579265845E-007
       32760   2.5063970809924285E-007
       32800   2.5072789594515754E-007
       32840   2.5080802923405088E-007
       32880   2.5088029098618847E-007
       32920   2.5094489519705832E-007
       32960   2.5100202766248358E-007
       33000   2.5105187223539716E-007
       33040   2.5109458223759873E-007
       33080   2.5113315343938680E-007
       33120   2.5116398222335690E-007
       33160   2.5118725488493254E-007
       33200   2.5120335589434717E-007
       33240   2.5121258684368541E-007
       33280   2.5121517693849071E-007
       33320   2.5121132951611003E-007
       33360   2.5120121244226468E-007
       33400   2.5118495988740719E-007
       33440   2.5116268409508535E-007
       33480   2.5113447948976741E-007
       33520   2.5110040402509526E-007
       33560   2.5106049206247150E-007
       33600   2.5101476841538073E-007
       33640   2.5096323780227081E-007
       33680   2.5090588945397840E-007
       33720   2.5084270166564338E-007
       33760   2.5077364745884623E-007
       33800   2.5069869935556710E-007
       33840   2.5061783526236781E-007
       33880   2.5053103186456482E-007
       33920   2.5043829277038299E-007
       33960   2.5033965156406879E-007
       34000   2.5023517263855766E-007
       34040   2.5012494486720271E-007
       34080   2.5000909437133956E-007
       34120   2.4988775843004518E-007
       34160   2.4976111456798122E-007
       34200   2.4962934475070142E-007
       34240   2.4949264326723508E-007
       34280   2.4935122705516122E-007
       34320   2.4920527591509867E-007
       34360   2.4905498469118825E-007
       34400   2.4890053085258046E-007
       34440   2.4874205939440230E-007
       34480   2.4857972114045168E-007
       34520   2.4841364026917390E-007
       34560   2.4824391281486058E-007
       34600   2.4807059884057736E-007
       34640   2.4789375591138807E-007
       34680   2.4771342199692015E-007
       34720   2.4752961469420853E-007
       34760   2.4734232983991689E-007
       34800   2.4715154417487284E-007
       34840   2.4695724054613066E-007
       34880   2.4675937687623772E-007
       34920   2.4655790992200721E-007
       34960   2.4635280826412753E-007
       35000   2.4614403987266442E-007
       35040   2.4593156022767459E-007
       35080   2.4571532813988384E-007
       35120   2.4549531396633739E-007
       35160   2.4527149122821612E-007
       35200   2.4504384960044590E-007
       35240   2.4481235516571331E-007
       35280   2.4457700809055183E-007
       35320   2.4433780532184812E-007
       35360   2.4409473886599642E-007
       35400   2.4384781827091473E-007
       35440   2.4359704314802499E-007
       35480   2.4334242570978049E-007
       35520   2.4308399182437768E-007
       35560   2.4282176885881412E-007
       35600   2.4255577635301506E-007
       35640   2.4228604356135719E-007
       35680   2.4201260651057765E-007
       35720   2.4173550255968124E-007
       35760   2.4145476890113926E-007
       35800   2.4117043717630793E-007
       35840   2.4088254280130172E-007
       35880   2.4059112080365708E-007
       35920   2.4029620931953488E-007
       35960   2.3999782527983626E-007
       36000   2.3969597517936592E-007
       36040   2.3939062454569893E-007
       36080   2.3908173080178230E-007
       36120   2.3876924587495907E-007
       36160   2.3845313340542518E-007
       36200   2.3813339983247417E-007
       36240   2.3781009439449718E-007
       36280   2.3748330030270992E-007
       36320   2.3715315139449800E-007
       36360   2.3681979804957010E-007
       36400   2.3648340830018100E-007
       36440   2.3614414368378078E-007
       36480   2.3580215408047778E-007
       36520   2.3545755722942374E-007
       36560   2.3511046576274452E-007
       36600   2.3476096921992706E-007
       36640   2.3440913488048665E-007
       36680   2.3405501092810255E-007
       36720   2.3369864032840582E-007
       36760   2.3334007315245486E-007
       36800   2.3297935491939370E-007
       36840   2.3261652748463035E-007
       36880   2.3225164624829375E-007
       36920   2.3188477032975996E-007
       36960   2.3151596056925072E-007
       37000   2.3114527830658815E-007
       37040   2.3077278676897350E-007
       37080   2.3039854468720478E-007
       37120   2.3002260363114146E-007
       37160   2.2964500456801318E-007
       37200   2.2926577941673187E-007
       37240   2.2888494433104256E-007
       37280   2.2850250169792474E-007
       37320   2.2811844224701616E-007
       37360   2.2773274482856820E-007
       37400   2.2734538074331567E-007
       37440   2.2695631474167755E-007
       37480   2.2656550424660082E-007
       37520   2.2617290862392281E-007
       37560   2.2577848479699014E-007
       37600   2.2538219279777394E-007
       37640   2.2498399360193488E-007
       37680   2.2458385423584915E-007
       37720   2.2418175227301163E-007
       37760   2.2377766883963091E-007
       37800   2.2337159683027963E-007
       37840   2.2296353324735563E-007
       37880   2.2255348786082152E-007
       37920   2.2214147443744281E-007
       37960   2.2172751512616884E-007
       38000   2.2131163796013098E-007
       38040   2.2089387946566674E-007
       38080   2.2047427633564709E-007
       38120   2.2005286753890019E-007
       38160   2.1962969948274846E-007
       38200   2.1920481924064816E-007
       38240   2.1877827166560948E-007
       38280   2.1835010499682284E-007
       38320   2.1792036064560705E-007
       38360   2.1748908729524175E-007
       38400   2.1705632780033568E-007
       38440   2.1662212418283033E-007
       38480   2.1618651291355206E-007
       38520   2.1574953190661716E-007
       38560   2.1531121041640233E-007
       38600   2.1487156365296300E-007
       38640   2.1443062087067588E-007
       38680   2.1398840632791405E-007
       38720   2.1354494056380346E-007
       38760   2.1310023817777690E-007
       38800   2.1265431265904411E-007
       38840   2.1220717527636879E-007
       38880   2.1175883813118190E-007
       38920   2.1130930866197772E-007
       38960   2.1085859247538252E-007
       39000   2.1040669512251142E-007
       39040   2.0995361921238853E-007
       39080   2.0949936713199335E-007
       39120   2.0904393893683704E-007
       39160   2.0858733451589728E-007
       39200   2.0812955403570754E-007
       39240   2.0767059555337752E-007
       39280   2.0721045890237377E-007
       39320   2.0674914158469448E-007
       39360   2.0628664298971700E-007
       39400   2.0582296278437440E-007
       39440   2.0535809919230985E-007
       39480   2.0489205232454566E-007
       39520   2.0442482173699261E-007
       39560   2.0395640815129568E-007
       39600   2.0348681312176709E-007
       39640   2.0301603737005181E-007
       39680   2.0254408406028546E-007
       39720   2.0207095469126912E-007
       39760   2.0159665281571648E-007
       39800   2.0112118204185236E-007
       39840   2.0064454742119153E-007
       39880   2.0016675356115954E-007
       39920   1.9968780556878230E-007
       39960   1.9920770860659687E-007
       40000   1.9872646911389680E-007
 Solver ran to nmax and stopped (as specified to)
 possibly converged, check history...
  
Converged with  40001 iterations in 125.0312 seconds
Iteration vs. Residual RMSe history printed above
 primatives wrote to:  case1.dat                     
