          10   8.7088976261440187E-004
          20   9.8653214330179928E-004
          30   2.9046889479911187E-005
          40   2.9733908842977108E-004
          50   1.5251946669181393E-005
          60   1.2931265937887737E-004
          70   9.2852789320474471E-005
          80   1.7238083483750444E-005
          90   9.5345143715341862E-005
         100   1.0956778678461454E-004
         110   1.0634354524086120E-004
         120   1.1156645500953744E-004
         130   6.5883804126309897E-005
         140   2.7170140471932669E-005
         150   3.4031418067126395E-005
         160   3.6810650721585958E-005
         170   4.0419570646044178E-007
         180   1.0098443939732249E-005
         190   1.3376680048149403E-004
         200   2.1134786053633725E-004
         210   1.8966394112807095E-004
         220   1.6685562544638266E-004
         230   6.9268408839251450E-005
         240   2.5534221560707948E-005
         250   9.2699447692190518E-005
         260   8.8612049009118010E-005
         270   3.3519018902028463E-005
         280   9.9679043741973672E-005
         290   1.6630694672126189E-004
         300   7.8415315131863395E-005
         310   8.7220180569724803E-005
         320   1.1171631945039451E-004
         330   1.0974860412682474E-004
         340   1.3064179126698328E-004
         350   1.5534937681294103E-004
         360   1.2407427159089046E-004
         370   1.1557255555105783E-004
         380   1.5594994396739281E-004
         390   1.0094765657786553E-004
         400   1.7310986518448424E-004
         410   2.7028006227958201E-004
         420   2.7921285141485619E-004
         430   2.2736140585366549E-004
         440   1.6827753446224669E-004
         450   1.1843191920690721E-004
         460   6.0944917290362000E-005
         470   2.7868558026389323E-005
         480   2.5631694922756409E-005
         490   4.2863155226502414E-005
         500   3.8236635617527881E-005
         510   5.2948561085175427E-005
         520   6.3567477476933476E-005
         530   5.1085301451037068E-005
         540   5.8510161386804427E-005
         550   6.8369611081253723E-005
         560   5.7721157536994028E-005
         570   4.5506211463042234E-005
         580   3.7376330171312588E-005
         590   4.5135245543059810E-005
         600   5.6731714795921206E-005
         610   5.3842799592418444E-005
         620   4.4332008419134539E-005
         630   4.0769718624433793E-005
         640   5.0612774608493893E-005
         650   3.3012789097286444E-005
         660   5.0111118131912491E-005
         670   3.8041559464740970E-005
         680   4.6141630874130257E-005
         690   4.1138306434929106E-005
         700   3.3309705213868668E-005
         710   3.4954075202042745E-005
         720   3.4258593259561820E-005
         730   4.0154459337804482E-005
         740   3.0232345126224303E-005
         750   4.9508173225465413E-005
         760   4.8480079118062847E-005
         770   4.6514519927542963E-005
         780   3.3087010125276706E-005
         790   3.2029389384957696E-005
         800   4.6036463328125166E-005
         810   3.9627502274042214E-005
         820   4.7932385432103430E-005
         830   3.6660055129145164E-005
         840   2.5735524735504001E-005
         850   4.0445555759216489E-005
         860   5.0831382351734788E-005
         870   2.9654079322760651E-005
         880   1.1644575125258072E-005
         890   2.7681366866483259E-005
         900   2.4510433881408389E-005
         910   2.7782211914351151E-005
         920   1.5967879641864968E-005
         930   1.7456650144742625E-005
         940   2.2514339931278826E-005
         950   2.2568919473497928E-005
         960   2.3641983833755376E-005
         970   5.1489947920924095E-006
         980   3.8568246023551467E-006
         990   1.9746697825784310E-005
        1000   1.7818401350844226E-005
        1010   1.0189976884511509E-007
        1020   3.2291292613173539E-006
        1030   5.4250333603178547E-007
        1040   1.4187650185792933E-006
        1050   2.6128130415026263E-005
        1060   1.9728180289391162E-007
        1070   1.1376021251674473E-006
        1080   6.4478864767458788E-006
        1090   6.1356364757791937E-006
        1100   6.0310060008283983E-006
        1110   1.3219022255483992E-005
        1120   5.3448782069143164E-006
        1130   4.9297969104689088E-006
        1140   1.4839817697787083E-005
        1150   1.3417715341024206E-006
        1160   2.3115624148140057E-007
        1170   4.9271666755501542E-006
        1180   3.4528142962564345E-006
        1190   6.3441896913651874E-007
        1200   4.7286503659371704E-006
        1210   1.0095440757584839E-005
        1220   1.6285043782371389E-006
        1230   2.3235340078642253E-006
        1240   2.6642618502492610E-006
        1250   1.3206727447201416E-006
        1260   5.5819330773143605E-006
        1270   3.9846649100283571E-006
        1280   8.6257657441191071E-006
        1290   2.2376220925046653E-006
        1300   3.3290712275757528E-007
        1310   3.1612886219889447E-007
        1320   5.2371560061992284E-006
        1330   2.3586862141211640E-006
        1340   5.8227395844934193E-006
        1350   1.0218017724161754E-005
        1360   3.9944458378737835E-006
        1370   4.0248074073545581E-007
        1380   2.8530195470555242E-006
        1390   2.7381135923043587E-006
        1400   6.9012788639355449E-007
        1401   3.6766771849272573E-009
  
Converged with   1401 iterations in   5.4062 seconds
Iteration vs. Residual RMSe history printed above
 Last state wrote to:  fLo2_Ust.dat                  
