VARIABLES = "X" "Y" "p" "rho" "T" "u" "v" "M"
ZONE I=  10    J=   30
   0.0000000000000000        0.0000000000000000       0.17857142857142860        1.0000000000000000       0.17857142857142860        0.0000000000000000        0.0000000000000000        1.9999999999999998     
   5.0000000745058060E-002   0.0000000000000000       0.18333234946158361       0.49442510872538026       0.37079902744868959        0.0000000000000000        0.0000000000000000        1.9738603813195048     
  0.10000000149011612        0.0000000000000000       0.19836875391733072       0.49279418900293281       0.40253874405193146        0.0000000000000000        0.0000000000000000        1.8975767456299855     
  0.15000000223517418        0.0000000000000000       0.19827923319708507       0.47461419965106583       0.41776928154037329        0.0000000000000000        0.0000000000000000        1.8980050639786381     
  0.20000000298023224        0.0000000000000000       0.19539308070487660       0.46172534975361174       0.42318031879588863        0.0000000000000000        0.0000000000000000        1.9119714015195215     
  0.25000000372529030        0.0000000000000000       0.19276985170727803       0.45229955722952259       0.42619951451656102        0.0000000000000000        0.0000000000000000        1.9249365797493396     
  0.30000000447034836        0.0000000000000000       0.19105969710492191       0.44626444138219168       0.42813112448117674        0.0000000000000000        0.0000000000000000        1.9335323368301156     
  0.35000000521540642        0.0000000000000000       0.18994061264078108       0.44234575548520083       0.42939399844006360        0.0000000000000000        0.0000000000000000        1.9392199256944627     
  0.40000000596046448        0.0000000000000000       0.19007541211919082       0.44228127119249622       0.42976138602184533        0.0000000000000000        0.0000000000000000        1.9385321665713930     
  0.45000000670552254        0.0000000000000000       0.19021021159760054       0.44221678689979160       0.43012888074894151        0.0000000000000000        0.0000000000000000        1.9378451386867008     
   0.0000000000000000        1.5999999600000000E-004  0.17857142857142860        1.0000000000000000       0.17857142857142860        1.0000000000000000        0.0000000000000000        1.9999999999999998     
   5.0000000745058060E-002   1.5999999600000000E-004  0.18333234946158361       0.49442510872538026       0.37079902744868959       0.12081707257467474       -1.2055366984732363E-002   1.9738603813195048     
  0.10000000149011612        1.5999999600000000E-004  0.19836875391733072       0.49279418900293287       0.40253874405193146        5.4753552732956352E-002  -6.8981561948264275E-003   1.8975767456299855     
  0.15000000223517418        1.5999999600000000E-004  0.19827923319708507       0.47461419965106583       0.41776928154037329        3.2287240493107418E-002  -3.0318565059880226E-003   1.8980050639786381     
  0.20000000298023224        1.5999999600000000E-004  0.19539308070487660       0.46172534975361174       0.42318031879588863        2.4435878175190284E-002  -1.4209114452236465E-003   1.9119714015195215     
  0.25000000372529030        1.5999999600000000E-004  0.19276985170727803       0.45229955722952259       0.42619951451656102        2.0027930512908129E-002  -8.7426428174095341E-004   1.9249365797493396     
  0.30000000447034836        1.5999999600000000E-004  0.19105969710492188       0.44626444138219162       0.42813112448117674        1.7136581613686593E-002  -6.2437697114273855E-004   1.9335323368301158     
  0.35000000521540642        1.5999999600000000E-004  0.18994061264078108       0.44234575548520083       0.42939399844006360        1.4949757013103334E-002  -5.0581110530836034E-004   1.9392199256944627     
  0.40000000596046448        1.5999999600000000E-004  0.19007541211919082       0.44228127119249622       0.42976138602184533        1.3064311810207421E-002  -4.6919967837220119E-004   1.9385321665713930     
  0.45000000670552254        1.5999999600000000E-004  0.19020958227006785       0.44221678689979160       0.43012745762898918        1.1178316734018834E-002  -4.3257757403954313E-004   1.9378483444618164     
   0.0000000000000000        3.1999999190000003E-004  0.17857142857142860        1.0000000000000000       0.17857142857142860        1.0000000000000000        0.0000000000000000        1.9999999999999998     
   5.0000000745058060E-002   3.1999999190000003E-004  0.18055218402616785       0.50066012192799547       0.36062825081989397       0.21455886227789039        7.2117878769316617E-003   1.9889992028585048     
  0.10000000149011612        3.1999999190000003E-004  0.19465027940113905       0.48804680788858829       0.39883526795973628       0.10569762736449818       -5.5137321074981774E-003   1.9156160469814978     
  0.15000000223517418        3.1999999190000003E-004  0.19668842725920441       0.47234852450785181       0.41640529620397887        6.5017365931991339E-002  -2.6931315344148371E-003   1.9056650906257742     
  0.20000000298023224        3.1999999190000003E-004  0.19457989241506007       0.46064053676059047       0.42241157016580466        4.9104395826314047E-002  -1.3927600960593803E-003   1.9159624914338771     
  0.25000000372529030        3.1999999190000003E-004  0.19227387360612977       0.45168875714472823       0.42567779375682396        4.0145477341424270E-002  -8.6447489745466587E-004   1.9274177059572570     
  0.30000000447034836        3.1999999190000003E-004  0.19071356122834349       0.44585089287624130       0.42775188807636078        3.4269147670003004E-002  -6.1361309502699489E-004   1.9352861751791173     
  0.35000000521540642        3.1999999190000003E-004  0.18966066641738191       0.44196543311487507       0.42913009074192815        2.9802644405374452E-002  -5.0178386894177271E-004   1.9406505784642498     
  0.40000000596046448        3.1999999190000003E-004  0.18981300795486877       0.44187562472652775       0.42956206980718176        2.6054298832238965E-002  -4.7742712016797311E-004   1.9398716512468044     
  0.45000000670552254        3.1999999190000003E-004  0.18996286502007714       0.44178581633818031       0.42998860079895246        2.2304429294945083E-002  -4.5306046867543790E-004   1.9391063415970768     
   0.0000000000000000        4.7999998789999997E-004  0.17857142857142860        1.0000000000000000       0.17857142857142860        1.0000000000000000        0.0000000000000000        1.9999999999999998     
   5.0000000745058060E-002   4.7999998789999997E-004  0.18382737380749897       0.52744914784139096       0.34852151067040427       0.29591524739576852        1.0691673780007658E-002   1.9712009089583777     
  0.10000000149011612        4.7999998789999997E-004  0.19195075156729158       0.48833209224449697       0.39307421039038765       0.15031955835768734       -4.8352652450592802E-003   1.9290392918558508     
  0.15000000223517418        4.7999998789999997E-004  0.19524971957582044       0.47187716696624277       0.41377234001616409        9.6255517242140737E-002  -2.5323407715827991E-003   1.9126732004345943     
  0.20000000298023224        4.7999998789999997E-004  0.19375061800121590       0.46030451136423034       0.42091835560548019        7.3130070729967578E-002  -1.3618337804975329E-003   1.9200583807622640     
  0.25000000372529030        4.7999998789999997E-004  0.19175546617953235       0.45150126269734087       0.42470637852473431        5.9906970671179706E-002  -8.5739142843012026E-004   1.9300213168548008     
  0.30000000447034836        4.7999998789999997E-004  0.19034534603643255       0.44573005473722277       0.42704175770388514        5.1297231920339512E-002  -6.2554784243370315E-004   1.9371571362861264     
  0.35000000521540642        4.7999998789999997E-004  0.18936117082722687       0.44187064808653687       0.42854435262272045        4.4832210961799450E-002  -5.0688046533159728E-004   1.9421846486616294     
  0.40000000596046448        4.7999998789999997E-004  0.18953274446946797       0.44169304739857052       0.42910511176427762        3.9181837027129032E-002  -4.7821527949184432E-004   1.9413053727814384     
  0.45000000670552254        4.7999998789999997E-004  0.18969867270333671       0.44151544671060416       0.42965353560478409        3.3526917338485389E-002  -4.4952703236717645E-004   1.9404561632518040     
   0.0000000000000000        6.3999998380000005E-004  0.17857142857142860        1.0000000000000000       0.17857142857142860        1.0000000000000000        0.0000000000000000        1.9999999999999998     
   5.0000000745058060E-002   6.3999998380000005E-004  0.18644644484685144       0.55559352874640322       0.33558066320090929       0.36530043340859170        1.5579561652358579E-002   1.9573069077745846     
  0.10000000149011612        6.3999998380000005E-004  0.18994205708237555       0.49253081104699320       0.38564502529010891       0.19646512790611936       -3.6479223293889307E-003   1.9392125521425232     
  0.15000000223517418        6.3999998380000005E-004  0.19390519346044621       0.47292639051333157       0.41001136191612070       0.12800070105780662       -2.2181158536082688E-003   1.9192929214337482     
  0.20000000298023224        6.3999998380000005E-004  0.19292903970053443       0.46078321634714969       0.41869806203007082        9.7456264902339218E-002  -1.2454869786521169E-003   1.9241422720937389     
  0.25000000372529030        6.3999998380000005E-004  0.19122927613183233       0.45189599540488012       0.42317099083938287        8.0000771161278406E-002  -7.9395377196957444E-004   1.9326748340926181     
  0.30000000447034836        6.3999998380000005E-004  0.18996892217952088       0.44602187742834515       0.42591839502321271        6.8379370636001538E-002  -5.7171925964864530E-004   1.9390754271459596     
  0.35000000521540642        6.3999998380000005E-004  0.18905346352410679       0.44196214697019720       0.42775940161421838        5.9540389218451777E-002  -4.6882659551759415E-004   1.9437645758698490     
  0.40000000596046448        6.3999998380000005E-004  0.18924335954464372       0.44163138700873245       0.42850975974880556        5.2102133274289170E-002  -4.5800845690206651E-004   1.9427890969898187     
  0.45000000670552254        6.3999998380000005E-004  0.18942346712237801       0.44130062704726769       0.42923906179287813        4.4652727211143439E-002  -4.4717410164469342E-004   1.9418652561933911     
   0.0000000000000000        7.9999992160000000E-004  0.17857142857142860        1.0000000000000000       0.17857142857142860        1.0000000000000000        0.0000000000000000        1.9999999999999998     
   5.0000000745058060E-002   7.9999992160000000E-004  0.18919584372566003       0.58500190888601600       0.32341064337026576       0.42538070340009032        1.8979616292009227E-002   1.9430330437328800     
  0.10000000149011612        7.9999992160000000E-004  0.18863457683168153       0.50077236641957967       0.37668727246349532       0.23822814832061784       -2.4860645221003058E-003   1.9459215653548503     
  0.15000000223517418        7.9999992160000000E-004  0.19272897932176158       0.47570651265427738       0.40514261250366473       0.15833789053006592       -1.8334070271467428E-003   1.9251406813313150     
  0.20000000298023224        7.9999992160000000E-004  0.19215596053898326       0.46212147826795957       0.41581265873896966       0.12118834880055351       -1.0931552211008223E-003   1.9280089779603293     
  0.25000000372529030        7.9999992160000000E-004  0.19072056668009785       0.45272976443641061       0.42126800944382359        9.9509075732763477E-002  -7.1471296840721124E-004   1.9352506318744107     
  0.30000000447034836        7.9999992160000000E-004  0.18959983126928692       0.44662399083814847       0.42451779384595528        8.5327348666016697E-002  -5.3619582890831324E-004   1.9409618928148042     
  0.35000000521540642        7.9999992160000000E-004  0.18874993248815272       0.44246053695875576       0.42659156404212195        7.4680301223438328E-002  -4.3527973367022110E-004   1.9453268436398463     
  0.40000000596046448        7.9999992160000000E-004  0.18895762019620865       0.44190993084100261       0.42759306141095715        6.5314880493462915E-002  -4.2213255599963894E-004   1.9442574727637758     
  0.45000000670552254        7.9999992160000000E-004  0.18914976502660213       0.44135932472324951       0.42856184163596595        5.5926092599091488E-002  -4.0895257550359657E-004   1.9432697000744648     
   0.0000000000000000        9.5999997569999997E-004  0.17857142857142860        1.0000000000000000       0.17857142857142860        1.0000000000000000        0.0000000000000000        1.9999999999999998     
   5.0000000745058060E-002   9.5999997569999997E-004  0.19174458810966100       0.61470067061814371       0.31193163969846072       0.47784432454472348        2.1944154737527099E-002   1.9300760631430329     
  0.10000000149011612        9.5999997569999997E-004  0.18782977535497580       0.51178832334521729       0.36700676195044551       0.28051671955700924       -1.2728361885576862E-003   1.9500859918131550     
  0.15000000223517418        9.5999997569999997E-004  0.19170835919315779       0.48003711126218290       0.39936153829667559       0.18913431487552063       -1.4478911003854541E-003   1.9302584267644434     
  0.20000000298023224        9.5999997569999997E-004  0.19143252801041716       0.46439084505553357       0.41222287228234428       0.14517994223964401       -9.2577911586917759E-004   1.9316485609757275     
  0.25000000372529030        9.5999997569999997E-004  0.19022930155062334       0.45429083896316486       0.41873902186710760       0.11960767237740344       -6.2218164802704313E-004   1.9377479026129185     
  0.30000000447034836        9.5999997569999997E-004  0.18924016778988603       0.44773999270923071       0.42265638734840810       0.10237940293583815       -4.6097387880598907E-004   1.9428054806156361     
  0.35000000521540642        9.5999997569999997E-004  0.18845208490892124       0.44310843044040638       0.42529564314905571        8.9254313263702117E-002  -3.8252902544410250E-004   1.9468635263812630     
  0.40000000596046448        9.5999997569999997E-004  0.18867505540972901       0.44226911923824441       0.42660689431516086        7.8186219816586799E-002  -3.9082982565148737E-004   1.9457128139568636     
  0.45000000670552254        9.5999997569999997E-004  0.18887627182442510       0.44142980803608245       0.42787385080480644        6.7076037798887322E-002  -3.9916219126086289E-004   1.9446761202516183     
   0.0000000000000000        1.1199999130000000E-003  0.17857142857142860        1.0000000000000000       0.17857142857142860        1.0000000000000000        0.0000000000000000        1.9999999999999998     
   5.0000000745058060E-002   1.1199999130000000E-003  0.19415794070482492       0.64453618744655161       0.30123667915996655       0.52459386960428067        2.4322904802987197E-002   1.9180432842365962     
  0.10000000149011612        1.1199999130000000E-003  0.18742641918861641       0.52597301495418114       0.35634227205542779       0.31994009485763913       -1.2533890438884814E-005   1.9521832320876418     
  0.15000000223517418        1.1199999130000000E-003  0.19083446390802292       0.48600260921689237       0.39266139787915760       0.21859166125194343       -9.7030850947313666E-004   1.9346730302810824     
  0.20000000298023224        1.1199999130000000E-003  0.19076314446545839       0.46748450996388391       0.40806302754329982       0.16863679210161489       -7.1621909508516721E-004   1.9350346486336374     
  0.25000000372529030        1.1199999130000000E-003  0.18975986059388675       0.45619901140412022       0.41595850900647724       0.13885935773631938       -5.0941975525926745E-004   1.9401432888857617     
  0.30000000447034836        1.1199999130000000E-003  0.18888985168195382       0.44910772330158127       0.42058918580456478       0.11926895248816717       -4.0612901087373721E-004   1.9446062146979857     
  0.35000000521540642        1.1199999130000000E-003  0.18815960898504017       0.44425439617792845       0.42354022966084576       0.10454207780846429       -3.3286768083629948E-004   1.9483760444236580     
  0.40000000596046448        1.1199999130000000E-003  0.18839744833682012       0.44305896505187164       0.42521980864276898        9.1507020599715799E-002  -3.3858384031984436E-004   1.9471458079075803     
  0.45000000670552254        1.1199999130000000E-003  0.18860501220708159       0.44186353392581496       0.42683995787429413        7.8401432505656093E-002  -3.4433092914851291E-004   1.9460740750510401     
   0.0000000000000000        1.2799999680000000E-003  0.17857142857142860        1.0000000000000000       0.17857142857142860        1.0000000000000000        0.0000000000000000        1.9999999999999998     
   5.0000000745058060E-002   1.2799999680000000E-003  0.19641835783853168       0.67408198408340514       0.29138645220672232       0.56556594088903800        2.6296761362297600E-002   1.9069747571024700     
  0.10000000149011612        1.2799999680000000E-003  0.18732135613419168       0.54194852107334834       0.34564418731726598       0.35896512361096466        1.2298822503572712E-003   1.9527306165036089     
  0.15000000223517418        1.2799999680000000E-003  0.19010505600153549       0.49340080479852810       0.38529539099386284       0.24853760490142035       -4.8308550790601522E-004   1.9383810189347530     
  0.20000000298023224        1.2799999680000000E-003  0.19014879627147649       0.47159946656988239       0.40319976961487919       0.19231439146888560       -4.9478952658548413E-004   1.9381580614744127     
  0.25000000372529030        1.2799999680000000E-003  0.18931205682375166       0.45899474382422051       0.41244929135016800       0.15901005120927444       -3.8544046649368864E-004   1.9424365667888515     
  0.30000000447034836        1.2799999680000000E-003  0.18855216234465436       0.45109147959722701       0.41799096385728640       0.13631157820821993       -3.0731430668789436E-004   1.9463467914703403     
  0.35000000521540642        1.2799999680000000E-003  0.18787496945148927       0.44546498490461905       0.42175025157525275       0.11898050547283849       -2.6467068322556618E-004   1.9498514271035245     
  0.40000000596046448        1.2799999680000000E-003  0.18812425218453085       0.44384343924103897       0.42385272722791295       0.10434492114752449       -2.9634983583283952E-004   1.9485591284913382     
  0.45000000670552254        1.2799999680000000E-003  0.18833522728650859       0.44222189357745878       0.42588399629635282        8.9602004875776603E-002  -3.2826131159408814E-004   1.9474674244585295     
   0.0000000000000000        1.4400000220000000E-003  0.17857142857142860        1.0000000000000000       0.17857142857142860        1.0000000000000000        0.0000000000000000        1.9999999999999998     
   5.0000000745058060E-002   1.4400000220000000E-003  0.19860358914062964       0.70562361542720109       0.28145825167768851       0.60403795538162786        2.8006114999574089E-002   1.8964545361400962     
  0.10000000149011612        1.4400000220000000E-003  0.18748506940662449       0.56018246512003322       0.33468571595944385       0.39599000566603632        2.6256754791679064E-003   1.9518778612966552     
  0.15000000223517418        1.4400000220000000E-003  0.18953743971034664       0.50251022523106992       0.37718125959166582       0.27710732343669464        1.3450546075519009E-004   1.9412813275247132     
  0.20000000298023224        1.4400000220000000E-003  0.18959856709556686       0.47648715524570429       0.39790908318986873       0.21549500790461867       -2.1883086796336193E-004   1.9409683636150956     
  0.25000000372529030        1.4400000220000000E-003  0.18889487862560719       0.46199907215666608       0.40886419477819219       0.17798432799652308       -2.3152482383988302E-004   1.9445803392190468     
  0.30000000447034836        1.4400000220000000E-003  0.18822812304360020       0.45324831048026726       0.41528698219338417       0.15316184450512135       -2.3014219322077734E-004   1.9480214127725037     
  0.35000000521540642        1.4400000220000000E-003  0.18759865910559265       0.44731092784805798       0.41939207702369374       0.13446188009662588       -1.9576610623704479E-004   1.9512868475032557     
  0.40000000596046448        1.4400000220000000E-003  0.18785887296468617       0.44518772098699211       0.42197676195605405       0.11779694958737898       -2.2445611987934681E-004   1.9499349607822485     
  0.45000000670552254        1.4400000220000000E-003  0.18806915769247026       0.44306451412592623       0.42447352856387388       0.10097229924651246       -2.5342110401420376E-004   1.9488445208851588     
   0.0000000000000000        1.6480000920000000E-003  0.17857142857142860        1.0000000000000000       0.17857142857142860        1.0000000000000000        0.0000000000000000        1.9999999999999998     
   5.0000000745058060E-002   1.6480000920000000E-003  0.20059415003965281       0.74274391040859000       0.27007175316900839       0.64736821653420296        2.9758487184958569E-002   1.8870215089036502     
  0.10000000149011612        1.6480000920000000E-003  0.18793424961074931       0.58475969263910177       0.32138714753504283       0.44225318234738503        4.4017380564092701E-003   1.9495438817259259     
  0.15000000223517418        1.6480000920000000E-003  0.18914673969330464       0.51659075936870080       0.36614425686679186       0.31491861045202563        9.4484995652578706E-004   1.9432852409583075     
  0.20000000298023224        1.6480000920000000E-003  0.18913749824694093       0.48474712401387671       0.39017765939654453       0.24581376834664215        1.7547979351506985E-004   1.9433327158036573     
  0.25000000372529030        1.6480000920000000E-003  0.18851451483369422       0.46758484868139605       0.40316643143016945       0.20412644989832623       -1.8316502557900536E-005   1.9465411304956963     
  0.30000000447034836        1.6480000920000000E-003  0.18792739262290376       0.45719825446960660       0.41104136069136438       0.17529583369633384       -6.8015986936108391E-005   1.9495794483258131     
  0.35000000521540642        1.6480000920000000E-003  0.18733701362097793       0.44985254352014148       0.41644093452278147       0.15321861984202934       -8.4254024479165761E-005   1.9526490109198631     
  0.40000000596046448        1.6480000920000000E-003  0.18760262116093132       0.44698993692931605       0.41970211331759250       0.13455610095937293       -1.4906326312460330E-004   1.9512662423879241     
  0.45000000670552254        1.6480000920000000E-003  0.18780515240581458       0.44412733033849061       0.42286330873328448       0.11565300490028302       -2.1470795296162781E-004   1.9502138245532672     
   0.0000000000000000        1.9184001720000000E-003  0.17857142857142860        1.0000000000000000       0.17857142857142860        1.0000000000000000        0.0000000000000000        1.9999999999999998     
   5.0000000745058060E-002   1.9184001720000000E-003  0.20228752441955530       0.78555035271109752       0.25751057678405848       0.69495037580874230        3.1524781451183696E-002   1.8791066625252009     
  0.10000000149011612        1.9184001720000000E-003  0.18862390773623630       0.61855082400711248       0.30494488151238386       0.49911074359838398        6.6621850209626918E-003   1.9459765979580581     
  0.15000000223517418        1.9184001720000000E-003  0.18896187909977538       0.53785768092535735       0.35132319533798584       0.36123074721533149        2.1163325993536889E-003   1.9442355623875076     
  0.20000000298023224        1.9184001720000000E-003  0.18876574674060409       0.49783131494398086       0.37917612065413203       0.28459138699811737        7.4471010504965462E-004   1.9452453549834257     
  0.25000000372529030        1.9184001720000000E-003  0.18818597868264189       0.47590992324321135       0.39542352342686998       0.23611415303205469        3.1963187830511903E-004   1.9482395308336453     
  0.30000000447034836        1.9184001720000000E-003  0.18765079303810597       0.46322823146835790       0.40509360244146514       0.20379003937432616        1.2025834004507494E-004   1.9510157713148752     
  0.35000000521540642        1.9184001720000000E-003  0.18709259998179409       0.45484321343450657       0.41133426740406620       0.17933302834404821        7.2014142747071533E-005   1.9539240434012271     
  0.40000000596046448        1.9184001720000000E-003  0.18736141173083951       0.45077822821639002       0.41563988676245289       0.15729716681273723       -1.7528672293170250E-006   1.9525218702891018     
  0.45000000670552254        1.9184001720000000E-003  0.18754107360224984       0.44671324299827347       0.41982429789522641       0.13486026298954332       -7.6862402012569728E-005   1.9515864011125286     
   0.0000000000000000        2.2699201950000000E-003  0.17857142857142860        1.0000000000000000       0.17857142857142860        1.0000000000000000        0.0000000000000000        1.9999999999999998     
   5.0000000745058060E-002   2.2699201950000000E-003  0.20362663535049425       0.83288671696640193       0.24448299054661043       0.74439985991852176        3.3235448213503410E-002   1.8729176809865355     
  0.10000000149011612        2.2699201950000000E-003  0.18949966242030045       0.66267836211224196       0.28596023841231699       0.56663820801368669        9.2435571084081222E-003   1.9414748178250312     
  0.15000000223517418        2.2699201950000000E-003  0.18902484818497184       0.57185656228461890       0.33054591072593520       0.42287560321477896        3.7995574463095018E-003   1.9439116977381632     
  0.20000000298023224        2.2699201950000000E-003  0.18853360897782268       0.51853953899844785       0.36358579201495955       0.33452969015717271        1.6239444081524313E-003   1.9464425579435600     
  0.25000000372529030        2.2699201950000000E-003  0.18791842005480056       0.49051614404126587       0.38310343571279371       0.27997161185105829        8.0385825956859672E-004   1.9496259911968248     
  0.30000000447034836        2.2699201950000000E-003  0.18741773742590120       0.47369243182552295       0.39565280091900124       0.24114114085601415        4.6892146547814774E-004   1.9522284471125366     
  0.35000000521540642        2.2699201950000000E-003  0.18687414980514749       0.46207357187200182       0.40442509847092739       0.21136789521873567        3.1922049602773928E-004   1.9550657486248979     
  0.40000000596046448        2.2699201950000000E-003  0.18713647318372995       0.45618756268968197       0.41021827092429541       0.18605049970951026        1.8597924719994033E-004   1.9536949861584114     
  0.45000000670552254        2.2699201950000000E-003  0.18727877446879812       0.45030155350736212       0.41589635436542244       0.16007124362583633        4.9254736065086953E-005   1.9529526005378255     
   0.0000000000000000        2.7268962000000000E-003  0.17857142857142860        1.0000000000000000       0.17857142857142860        1.0000000000000000        0.0000000000000000        1.9999999999999998     
   5.0000000745058060E-002   2.7268962000000000E-003  0.20451824491966275       0.88285702240535613       0.23165500157936103       0.79343843689058569        3.4751621449294536E-002   1.8688306731866953     
  0.10000000149011612        2.7268962000000000E-003  0.19042924451154780       0.71965242114554762       0.26461280323134501       0.64522695536010388        1.1962685575759378E-002   1.9367303572080514     
  0.15000000223517418        2.7268962000000000E-003  0.18936557878487309       0.61769702145633743       0.30656709067239463       0.49612459326954977        6.1588254286965459E-003   1.9421620439265237     
  0.20000000298023224        2.7268962000000000E-003  0.18849713836973983       0.55324444088872493       0.34071221405666613       0.39984964398308276        2.9886164689922217E-003   1.9466308486277812     
  0.25000000372529030        2.7268962000000000E-003  0.18775907346539292       0.51290765109009551       0.36606799112148913       0.33401114586326164        1.6016764501498668E-003   1.9504531159818068     
  0.30000000447034836        2.7268962000000000E-003  0.18722804241783061       0.49021020191301878       0.38193420228135461       0.28976988187335451        9.3881785564607319E-004   1.9532171724975163     
  0.35000000521540642        2.7268962000000000E-003  0.18668887679307325       0.47533631199699711       0.39275113657685939       0.25578723102364531        7.0115718209392815E-004   1.9560356272335921     
  0.40000000596046448        2.7268962000000000E-003  0.18694844867051297       0.46639879010629043       0.40083390573956712       0.22478136288523112        5.3366734180224757E-004   1.9546772094224703     
  0.45000000670552254        2.7268962000000000E-003  0.18702165547089047       0.45746126821558375       0.40882511474775701       0.19256395775130961        3.5963292946437442E-004   1.9542946075526162     
   0.0000000000000000        3.3209649850000000E-003  0.17857142857142860        1.0000000000000000       0.17857142857142860        1.0000000000000000        0.0000000000000000        1.9999999999999998     
   5.0000000745058060E-002   3.3209649850000000E-003  0.20488754870157250       0.93299538619775968       0.21960188842578487       0.83974148788290792        3.5984420297960368E-002   1.8671456573782186     
  0.10000000149011612        3.3209649850000000E-003  0.19140957416702098       0.78420945236020445       0.24407965702395334       0.72481273806202562        1.4618397601992374E-002   1.9317643791879600     
  0.15000000223517418        3.3209649850000000E-003  0.18981898277908549       0.68079632053059613       0.27881904918514422       0.58881897606213918        8.9843360621848899E-003   1.9398411208879411     
  0.20000000298023224        3.3209649850000000E-003  0.18868891609794480       0.60483622316752650       0.31196695712069161       0.48200166381933834        5.0103858401867431E-003   1.9456413486728461     
  0.25000000372529030        3.3209649850000000E-003  0.18775817544972787       0.55392968338514947       0.33895669627651798       0.40892715329686186        2.9009411025889063E-003   1.9504577803202665     
  0.30000000447034836        3.3209649850000000E-003  0.18716061979342680       0.51935918893230315       0.36036836120718485       0.35345839252394523        1.8291695962248590E-003   1.9535689536841998     
  0.35000000521540642        3.3209649850000000E-003  0.18656978374278071       0.49591599272796072       0.37621247646499129       0.31095935499318389        1.3091951774566756E-003   1.9566598255409091     
  0.40000000596046448        3.3209649850000000E-003  0.18679055305246783       0.48221492171432090       0.38735954579839477       0.27487501779295742        1.0030528867609268E-003   1.9555031874112927     
  0.45000000670552254        3.3209649850000000E-003  0.18674546111341728       0.46851385070068108       0.39859112133853036       0.23668020268168924        6.7900513923048597E-004   1.9557392630507791     
   0.0000000000000000        4.0932544509999997E-003  0.17857142857142860        1.0000000000000000       0.17857142857142860        1.0000000000000000        0.0000000000000000        1.9999999999999998     
   5.0000000745058060E-002   4.0932544509999997E-003  0.20473218688023476       0.97984033999599551       0.20894443566292797       0.88095680677711585        3.6819295678535910E-002   1.8678539684226132     
  0.10000000149011612        4.0932544509999997E-003  0.19226919452142494       0.85205510075475033       0.22565347516975476       0.80003081411718158        1.7120047717771807E-002   1.9274411587414166     
  0.15000000223517418        4.0932544509999997E-003  0.19033290041559731       0.75726256448263540       0.25134333762508576       0.68944881477178288        1.1780476576433689E-002   1.9372204693437867     
  0.20000000298023224        4.0932544509999997E-003  0.18901447256624587       0.67685128523454330       0.27925554208078124       0.58540101582367932        7.7043726469715728E-003   1.9439650508215462     
  0.25000000372529030        4.0932544509999997E-003  0.18796858955552359       0.61391215937530386       0.30618157123128825       0.50007338210332042        4.9355837008479182E-003   1.9493657926970216     
  0.30000000447034836        4.0932544509999997E-003  0.18721921862976382       0.56985091553305167       0.32854069990329776       0.43852814192601497        3.2237047007685963E-003   1.9532632002809815     
  0.35000000521540642        4.0932544509999997E-003  0.18657411057860787       0.53637248792198777       0.34784429623046581       0.38892111500899146        2.4078393641851731E-003   1.9566371369832805     
  0.40000000596046448        4.0932544509999997E-003  0.18676295392977968       0.51245951365740017       0.36444431014044604       0.34235430494464320        1.9587395943841666E-003   1.9556476705047576     
  0.45000000670552254        4.0932544509999997E-003  0.18646373699132565       0.48854653939281256       0.38167036700960177       0.29122886702864065        1.4656754921335271E-003   1.9572161479863555     
   0.0000000000000000        5.0972308960000002E-003  0.17857142857142860        1.0000000000000000       0.17857142857142860        1.0000000000000000        0.0000000000000000        1.9999999999999998     
   5.0000000745058060E-002   5.0972308960000002E-003  0.20411098025240029        1.0185499246951144       0.20039369234993312       0.91440117177555336        3.7111856474320422E-002   1.8706941922822999     
  0.10000000149011612        5.0972308960000002E-003  0.19295563537724011       0.91607021026375057       0.21063411211863908       0.86336150826252200        1.9418933747575463E-002   1.9240096622604235     
  0.15000000223517418        5.0972308960000002E-003  0.19077708056538595       0.83757832428454981       0.22777222742523290       0.78431743415112065        1.4291139866780761E-002   1.9349639710432249     
  0.20000000298023224        5.0972308960000002E-003  0.18935912575614094       0.76423920186220706       0.24777468271024725       0.69960292552730097        1.0463726557251389E-002   1.9421951363920955     
  0.25000000372529030        5.0972308960000002E-003  0.18820605306954616       0.70009940267063886       0.26882761555231255       0.62026859544577173        7.5492604220516769E-003   1.9481356267444316     
  0.30000000447034836        5.0972308960000002E-003  0.18750662879666186       0.64446956373919073       0.29094722132222151       0.54556733933508694        5.4969195640110274E-003   1.9517656452484105     
  0.35000000521540642        5.0972308960000002E-003  0.18674100708985739       0.59983268405833301       0.31132182699083644       0.48591734041496126        4.1754997179682769E-003   1.9557625864143757     
  0.40000000596046448        5.0972308960000002E-003  0.18683739725155207       0.56675474937177539       0.32966181131901184       0.43389531181731428        3.4264852933993941E-003   1.9552580284536483     
  0.45000000670552254        5.0972308960000002E-003  0.18624406944782951       0.53367681468521777       0.34898287563360442       0.37542450666852489        2.5846212282487268E-003   1.9583700375193265     
   0.0000000000000000        6.4024003220000004E-003  0.17857142857142860        1.0000000000000000       0.17857142857142860        1.0000000000000000        0.0000000000000000        1.9999999999999998     
   5.0000000745058060E-002   6.4024003220000004E-003  0.20308172320457385        1.0468430954024963       0.19399442389835109       0.93977761197919885        3.6754460392013792E-002   1.8754287191225867     
  0.10000000149011612        6.4024003220000004E-003  0.19350858541319696       0.96996769309362163       0.19950003158973198       0.91135577786080646        2.1461998647294443E-002   1.9212587705969506     
  0.15000000223517418        6.4024003220000004E-003  0.19105598339244298       0.91136781794625621       0.20963652614263106       0.86222315448700682        1.6419040095656895E-002   1.9335511285689211     
  0.20000000298023224        6.4024003220000004E-003  0.18962183799429982       0.85300811882123562       0.22229781148664396       0.80341007737766412        1.2897952767949146E-002   1.9408492595483300     
  0.25000000372529030        6.4024003220000004E-003  0.18847245889188949       0.79665547216058019       0.23657963257409156       0.74105281513499532        1.0118768099386211E-002   1.9467582949947213     
  0.30000000447034836        6.4024003220000004E-003  0.18768693806558256       0.74413151444772485       0.25222280527237040       0.67852873859051643        8.1597910973938686E-003   1.9508278975211433     
  0.35000000521540642        6.4024003220000004E-003  0.18694742364676972       0.69595322003499216       0.26862067487434010       0.61904304724632908        6.5963989187783284E-003   1.9546825681157451     
  0.40000000596046448        6.4024003220000004E-003  0.18716837971257683       0.64987683304630228       0.28800592696191940       0.55273410230265974        5.9296690250255140E-003   1.9535284562073074     
  0.45000000670552254        6.4024003220000004E-003  0.18607178971777769       0.60380044605761241       0.30816769171452946       0.47630500382818391        5.1611819868317959E-003   1.9592764333871884     
   0.0000000000000000        8.0991201100000000E-003  0.17857142857142860        1.0000000000000000       0.17857142857142860        1.0000000000000000        0.0000000000000000        1.9999999999999998     
   5.0000000745058060E-002   8.0991201100000000E-003  0.20169391962755631        1.0640204781202907       0.18955830623097672       0.95761370993791040        3.5664574139065736E-002   1.8818698276471693     
  0.10000000149011612        8.0991201100000000E-003  0.19398059763455547        1.0102813679254314       0.19200650808089842       0.94410125832098857        2.3208095546796578E-002   1.9189198512239642     
  0.15000000223517418        8.0991201100000000E-003  0.19123612731794679       0.96970581789994936       0.19721045680853883       0.91775924532608788        1.8127122754739346E-002   1.9326402139772447     
  0.20000000298023224        8.0991201100000000E-003  0.18973816476797739       0.92920906454280128       0.20419319183173731       0.88322452338946444        1.4878266229361094E-002   1.9402542096587698     
  0.25000000372529030        8.0991201100000000E-003  0.18859281545996481       0.88759385257014667       0.21247647774245967       0.84349431103827288        1.2324963283846468E-002   1.9461370026592741     
  0.30000000447034836        8.0991201100000000E-003  0.18783077745027907       0.84565755212909377       0.22211210315260779       0.79932288979873856        1.0515621735628136E-002   1.9500807898578463     
  0.35000000521540642        8.0991201100000000E-003  0.18712398933524052       0.80364407614336131       0.23284435845435095       0.75294785694727662        9.0561385751545612E-003   1.9537601547814125     
  0.40000000596046448        8.0991201100000000E-003  0.18726621654913481       0.76153385498009707       0.24590662033538754       0.70100470518796754        8.7170727301994610E-003   1.9530180811439180     
  0.45000000670552254        8.0991201100000000E-003  0.18649031550531736       0.71942363381683283       0.25922183639688196       0.64298074789021142        8.3383136167754987E-003   1.9570766722440680     
   0.0000000000000000        1.0304855179999999E-002  0.17857142857142860        1.0000000000000000       0.17857142857142860        1.0000000000000000        0.0000000000000000        1.9999999999999998     
   5.0000000745058060E-002   1.0304855179999999E-002  0.19997677000299224        1.0711057582551793       0.18670123698032623       0.96923369688946848        3.3806078741183541E-002   1.8899321260274939     
  0.10000000149011612        1.0304855179999999E-002  0.19438704558652015        1.0368730552781431       0.18747429552441736       0.96413787933803352        2.4610741869257720E-002   1.9169126465598789     
  0.15000000223517418        1.0304855179999999E-002  0.19141772135725801        1.0094721675613743       0.18962159384708357       0.95249781003759615        1.9470275461791406E-002   1.9317232685236787     
  0.20000000298023224        1.0304855179999999E-002  0.18980069920178916       0.98390575397913593       0.19290536561473748       0.93534627462577558        1.6354526042190988E-002   1.9399345514736117     
  0.25000000372529030        1.0304855179999999E-002  0.18861698137118624       0.95732949623441421       0.19702409892633349       0.91417814749710014        1.4003503771165330E-002   1.9460123275632646     
  0.30000000447034836        1.0304855179999999E-002  0.18782540133718606       0.92972463579517983       0.20202261412223604       0.88919843652407093        1.2392263787902851E-002   1.9501086981699636     
  0.35000000521540642        1.0304855179999999E-002  0.18713807211000530       0.90054317007459150       0.20780577581250742       0.86124885003068419        1.1100725587528391E-002   1.9536866398585784     
  0.40000000596046448        1.0304855179999999E-002  0.18728735775888436       0.87007450065696657       0.21525439214397091       0.82735685515653778        1.0955062476493903E-002   1.9529078485829756     
  0.45000000670552254        1.0304855179999999E-002  0.18700785028722672       0.83960583123934163       0.22273291028861072       0.79100502984934185        1.0798827354138573E-002   1.9543667406156213     
   0.0000000000000000        1.3172310780000000E-002  0.17857142857142860        1.0000000000000000       0.17857142857142860        1.0000000000000000        0.0000000000000000        1.9999999999999998     
   5.0000000745058060E-002   1.3172310780000000E-002  0.19794565210062701        1.0703923418697623       0.18492812808699227       0.97644994807236418        3.1193141735753098E-002   1.8996036646156576     
  0.10000000149011612        1.3172310780000000E-002  0.19468700329115260        1.0520704136075436       0.18505130528628017       0.97499025327307820        2.5601578854228525E-002   1.9154353667367319     
  0.15000000223517418        1.3172310780000000E-002  0.19166958185546412        1.0330374774617996       0.18553981441835135       0.97151011765572648        2.0553295119960131E-002   1.9304536755271944     
  0.20000000298023224        1.3172310780000000E-002  0.18989949755741511        1.0170489048769147       0.18671619097844380       0.96475776671488089        1.7429093346799200E-002   1.9394298442955085     
  0.25000000372529030        1.3172310780000000E-002  0.18864179119771968        1.0013408455913915       0.18838919038232974       0.95550452763747074        1.5183235575211841E-002   1.9458843553480183     
  0.30000000447034836        1.3172310780000000E-002  0.18779280515884150       0.98527545665007032       0.19059929270676826       0.94364365671613482        1.3701590472807753E-002   1.9502779361041001     
  0.35000000521540642        1.3172310780000000E-002  0.18708344410907893       0.96793180098184450       0.19328163814775629       0.92956876771526642        1.2572088642932064E-002   1.9539718553843881     
  0.40000000596046448        1.3172310780000000E-002  0.18715411177444360       0.95004013940612297       0.19699600470716427       0.91119792515195996        1.2609471904918868E-002   1.9536029196847069     
  0.45000000670552254        1.3172310780000000E-002  0.18709160479137293       0.93214847783040145       0.20071008990631325       0.89212186253879922        1.2648290235862971E-002   1.9539292401173167     
   0.0000000000000000        1.6900002960000000E-002  0.17857142857142860        1.0000000000000000       0.17857142857142860        1.0000000000000000        0.0000000000000000        1.9999999999999998     
   5.0000000745058060E-002   1.6900002960000000E-002  0.19561668663183820        1.0645348345594632       0.18375790089836780       0.98110838985567028        2.7887151786725073E-002   1.9108783189463034     
  0.10000000149011612        1.6900002960000000E-002  0.19478191289124727        1.0591681514210780       0.18390084013563837       0.98019212379486631        2.6073110059429003E-002   1.9149686515460349     
  0.15000000223517418        1.6900002960000000E-002  0.19200634156015486        1.0454613528368952       0.18365704388702564       0.98044154388792848        2.1469791654662219E-002   1.9287600223211741     
  0.20000000298023224        1.6900002960000000E-002  0.19009509388033813        1.0343511565613275       0.18378197063394228       0.97900299850185557        1.8263233394111972E-002   1.9384318096554780     
  0.25000000372529030        1.6900002960000000E-002  0.18873664035277335        1.0245975619107586       0.18420563094138234       0.97612599531440125        1.6015022345902689E-002   1.9453953440975842     
  0.30000000447034836        1.6900002960000000E-002  0.18780033802387869        1.0155505647531597       0.18492465519875470       0.97180466245828745        1.4572933273531988E-002   1.9502388218832345     
  0.35000000521540642        1.6900002960000000E-002  0.18704455260925890        1.0061285286661674       0.18590522709581184       0.96616257055678623        1.3540528533537256E-002   1.9541749859893169     
  0.40000000596046448        1.6900002960000000E-002  0.18699682948517135       0.99747692488053996       0.18746982994876449       0.95790981593026170        1.3646409697932550E-002   1.9544243308210563     
  0.45000000670552254        1.6900002960000000E-002  0.18692145184395867       0.98882532109491250       0.18903384435684065       0.94951264840967886        1.3754143650405106E-002   1.9548183600925262     
   0.0000000000000000        2.1746002140000002E-002  0.17857142857142860        1.0000000000000000       0.17857142857142860        1.0000000000000000        0.0000000000000000        1.9999999999999998     
   5.0000000745058060E-002   2.1746002140000002E-002  0.19303007507732245        1.0557410488408367       0.18283846714993424       0.98462539911259517        2.3996297025129901E-002   1.9236386410274808     
  0.10000000149011612        2.1746002140000002E-002  0.19452823790263102        1.0609174322032253       0.18335850839838772       0.98258273697655585        2.5867597539274499E-002   1.9162168543488305     
  0.15000000223517418        2.1746002140000002E-002  0.19237689727208962        1.0515461876098471       0.18294669272622269       0.98389492063085482        2.2240589631988227E-002   1.9269015415090898     
  0.20000000298023224        2.1746002140000002E-002  0.19041110007003645        1.0426071370609571       0.18262976849246704       0.98473050859978162        1.9014559128901591E-002   1.9368226313810513     
  0.25000000372529030        2.1746002140000002E-002  0.18893920918309673        1.0353028234831014       0.18249656515708387       0.98475301357132172        1.6685262423783397E-002   1.9443521986758825     
  0.30000000447034836        2.1746002140000002E-002  0.18789655256218737        1.0293247152552845       0.18254351593567522       0.98396028141143321        1.5190473903876811E-002   1.9497394371090220     
  0.35000000521540642        2.1746002140000002E-002  0.18707319344078613        1.0237834120938660       0.18272731442110360       0.98249781044239592        1.4176120049898405E-002   1.9540253885566266     
  0.40000000596046448        2.1746002140000002E-002  0.18688236887177231        1.0199132576541428       0.18323359116010723       0.97960806106033538        1.4230637388887427E-002   1.9550227563607778     
  0.45000000670552254        2.1746002140000002E-002  0.18668811035179461        1.0160431032144195       0.18374034503179645       0.97669629730434648        1.4285570045929123E-002   1.9560396424461990     
   0.0000000000000000        2.8045799579999999E-002  0.17857142857142860        1.0000000000000000       0.17857142857142860        1.0000000000000000        0.0000000000000000        1.9999999999999998     
   5.0000000745058060E-002   2.8045799579999999E-002  0.19027498540470295        1.0455246048426809       0.18198996419920069       0.98776759151472249        1.9689642777068510E-002   1.9375152679700089     
  0.10000000149011612        2.8045799579999999E-002  0.19376032267673199        1.0589418798788377       0.18297540814884167       0.98411802889583189        2.4791724476398491E-002   1.9200102961579821     
  0.15000000223517418        2.8045799579999999E-002  0.19265204081543943        1.0543281178230617       0.18272493881052926       0.98499262247936692        2.2759062774814182E-002   1.9255250599825120     
  0.20000000298023224        2.8045799579999999E-002  0.19082809774845524        1.0468110436133262       0.18229469292735492       0.98648521512441700        1.9771338150010202E-002   1.9347053010385018     
  0.25000000372529030        2.8045799579999999E-002  0.18926685464168513        1.0402260382381741       0.18194781488285519       0.98762004486902366        1.7360379061770185E-002   1.9426685068444027     
  0.30000000447034836        2.8045799579999999E-002  0.18810086150229760        1.0350842205223816       0.18172517537497357       0.98824473020569259        1.5748045349041423E-002   1.9486802781505708     
  0.35000000521540642        2.8045799579999999E-002  0.18719080344143668        1.0308165148345505       0.18159468804346954       0.98847189713945183        1.4676644558309356E-002   1.9534114453724654     
  0.40000000596046448        2.8045799579999999E-002  0.18684199352087424        1.0285241148320909       0.18166029442233997       0.98789777243327803        1.4578600267226583E-002   1.9552339788607453     
  0.45000000670552254        2.8045799579999999E-002  0.18649304341353809        1.0262317148296314       0.18172605730129721       0.98732108276354114        1.4480117952781502E-002   1.9570623587207101     
   0.0000000000000000        3.6235541109999998E-002  0.17857142857142860        1.0000000000000000       0.17857142857142860        1.0000000000000000        0.0000000000000000        1.9999999999999998     
   5.0000000745058060E-002   3.6235541109999998E-002  0.18750135002365700        1.0349463141804216       0.18117012201945965       0.99075018100664103        1.5218609305781033E-002   1.9517931193313554     
  0.10000000149011612        3.6235541109999998E-002  0.19234359745129379        1.0538176948391682       0.18252075135315404       0.98581792800820811        2.2664283907731821E-002   1.9270683333855132     
  0.15000000223517418        3.6235541109999998E-002  0.19261479107157281        1.0548061223552152       0.18260681938543782       0.98549706557240935        2.2757412878273743E-002   1.9257112394744724     
  0.20000000298023224        3.6235541109999998E-002  0.19125456152373857        1.0493728348113127       0.18225606303037944       0.98676989914814717        2.0482165942791716E-002   1.9325470722878144     
  0.25000000372529030        3.6235541109999998E-002  0.18971067021915139        1.0431843033739716       0.18185728984376975       0.98819696149167180        1.8136924409859964E-002   1.9403948039683101     
  0.30000000447034836        3.6235541109999998E-002  0.18842771963225582        1.0379889033971890       0.18153153566050551       0.98933542745601077        1.6400348186363062E-002   1.9469893951631447     
  0.35000000521540642        3.6235541109999998E-002  0.18740895986650435        1.0337979430350845       0.18128200111938525       0.99017613007473282        1.5215617648198166E-002   1.9522741642450654     
  0.40000000596046448        3.6235541109999998E-002  0.18688880799149429        1.0315191686668859       0.18117822108243081       0.99046381927977778        1.4892781256422754E-002   1.9549890766178397     
  0.45000000670552254        3.6235541109999998E-002  0.18636857862199238        1.0292403942986872       0.18107390620728778       0.99075278239282338        1.4568515322435870E-002   1.9577157540107140     
   0.0000000000000000        4.6882200989999998E-002  0.17857142857142860        1.0000000000000000       0.17857142857142860        1.0000000000000000        0.0000000000000000        1.9999999999999998     
   5.0000000745058060E-002   4.6882200989999998E-002  0.18490537956355424        1.0249161926002601       0.18041024319699805       0.99348506131650216        1.0915134313375634E-002   1.9654464194145569     
  0.10000000149011612        4.6882200989999998E-002  0.19026410707834401        1.0458824715146084       0.18191729210530755       0.98803053912718952        1.9428273479640379E-002   1.9375706557740329     
  0.15000000223517418        4.6882200989999998E-002  0.19199875119213691        1.0526601896903149       0.18239385612998393       0.98628892660867662        2.1844980666561261E-002   1.9287981471881519     
  0.20000000298023224        4.6882200989999998E-002  0.19148782011227922        1.0506295359871527       0.18226007698551963       0.98678094841834685        2.0891098050602810E-002   1.9313696591113052     
  0.25000000372529030        4.6882200989999998E-002  0.19019592101198374        1.0455225259416998       0.18191470417213124       0.98803826308498444        1.8974121166182720E-002   1.9379179384122511     
  0.30000000447034836        4.6882200989999998E-002  0.18887383229351520        1.0402817791802550       0.18156026191514027       0.98931652883705734        1.7232500483460252E-002   1.9446886791173135     
  0.35000000521540642        4.6882200989999998E-002  0.18774532810433575        1.0357901133711109       0.18125808084158543       0.99039530083546923        1.5924798333634277E-002   1.9505245137414473     
  0.40000000596046448        4.6882200989999998E-002  0.18704201876011436        1.0329628151079884       0.18107333199652551       0.99104110390727251        1.5335035510327845E-002   1.9541882225013045     
  0.45000000670552254        4.6882200989999998E-002  0.18633839164332447        1.0301355168448658       0.18088726055582283       0.99169045190665739        1.4742035374301439E-002   1.9578743234013654     
   0.0000000000000000        6.0722857710000001E-002  0.17857142857142860        1.0000000000000000       0.17857142857142860        1.0000000000000000        0.0000000000000000        1.9999999999999998     
   5.0000000745058060E-002   6.0722857710000001E-002  0.18268657249201134        1.0162637045339615       0.17976296081122742       0.99579520737724547        7.1360121887215910E-003   1.9773459935536883     
  0.10000000149011612        6.0722857710000001E-002  0.18769428007277994        1.0359197060470882       0.18118612762855216       0.99068830878046343        1.5288708564901278E-002   1.9507897420362528     
  0.15000000223517418        6.0722857710000001E-002  0.19058324325217382        1.0472477536006646       0.18198486709272696       0.98778561819910748        1.9660178592583406E-002   1.9359477220050607     
  0.20000000298023224        6.0722857710000001E-002  0.19120364947051788        1.0496794583939537       0.18215432143739019       0.98716765477769886        2.0527843656112661E-002   1.9328043461184516     
  0.25000000372529030        6.0722857710000001E-002  0.19051307942421708        1.0469599211756615       0.18196788202769448       0.98784697426474199        1.9603432154160782E-002   1.9363041830919439     
  0.30000000447034836        6.0722857710000001E-002  0.18935987797883774        1.0424150687062856       0.18165496994766911       0.98898112797092064        1.8186037024319250E-002   1.9421912787514755     
  0.35000000521540642        6.0722857710000001E-002  0.18819736831151762        1.0378234740775449       0.18133851566500195       0.99012212339477157        1.6867234540029259E-002   1.9481805766060842     
  0.40000000596046448        6.0722857710000001E-002  0.18733199030353273        1.0343962797205424       0.18110273013950057       0.99096676987926746        1.6026247093000757E-002   1.9526751909387432     
  0.45000000670552254        6.0722857710000001E-002  0.18646602056584660        1.0309690853635398       0.18086480304120375       0.99181703198833715        1.5179668348476174E-002   1.9572041633293173     
   0.0000000000000000        7.8715711830000007E-002  0.17857142857142860        1.0000000000000000       0.17857142857142860        1.0000000000000000        0.0000000000000000        1.9999999999999998     
   5.0000000745058060E-002   7.8715711830000007E-002  0.18098896892499777        1.0095928239297891       0.17926927037823759       0.99754519587322354        4.1569206753589039E-003   1.9865977040080955     
  0.10000000149011612        7.8715711830000007E-002  0.18499286176940830        1.0253648818625150       0.18041661562797007       0.99346159657076838        1.0763224857451691E-002   1.9649816395333166     
  0.15000000223517418        7.8715711830000007E-002  0.18836353067272049        1.0386083220731817       0.18136146867832256       0.99005492141961993        1.6120514769733599E-002   1.9473211063438192     
  0.20000000298023224        7.8715711830000007E-002  0.19006443008630849        1.0452958006673327       0.18182836854885331       0.98835500395951992        1.8864537403436351E-002   1.9385881705182464     
  0.25000000372529030        7.8715711830000007E-002  0.19028120717532074        1.0461539842322765       0.18188642402863783       0.98813778269056030        1.9486173131089492E-002   1.9374835914994646     
  0.30000000447034836        7.8715711830000007E-002  0.18963495159843310        1.0436137299042691       0.18170990488581282       0.98877369802435011        1.8936251055664065E-002   1.9407821517481123     
  0.35000000521540642        7.8715711830000007E-002  0.18865872647763063        1.0397685266117100       0.18144300548547296       0.98973664345014589        1.7933709063193484E-002   1.9457970155349438     
  0.40000000596046448        7.8715711830000007E-002  0.18775157170985599        1.0361884052147980       0.18119443410577035       0.99063151502986380        1.6999178512800354E-002   1.9504920815046398     
  0.45000000670552254        7.8715711830000007E-002  0.18684371823973409        1.0326082838178861       0.18094346246082063       0.99153259176780140        1.6058167803624922E-002   1.9552249546432532     
   0.0000000000000000       0.10210642220000000       0.17857142857142860        1.0000000000000000       0.17857142857142860        1.0000000000000000        0.0000000000000000        1.9999999999999998     
   5.0000000745058060E-002  0.10210642220000000       0.17987399287230652        1.0051910215183490       0.17894508508502735       0.99868857202158856        2.0943361067282573E-003   1.9927453046474812     
  0.10000000149011612       0.10210642220000000       0.18262186807799449        1.0160750118353419       0.17973266338685331       0.99590455898800301        6.5866870835475108E-003   1.9776962574195724     
  0.15000000223517418       0.10210642220000000       0.18567443484322552        1.0281020226795621       0.18059923115344007       0.99280743954165507        1.1680987000522697E-002   1.9613717998346822     
  0.20000000298023224       0.10210642220000000       0.18794079300734429        1.0370055104903171       0.18123413145459766       0.99051172730291182        1.5672743083812963E-002   1.9495099435115821     
  0.25000000372529030       0.10210642220000000       0.18904924988422062        1.0413565037964614       0.18154133497510791       0.98938701068122115        1.7960736426541134E-002   1.9437862376281316     
  0.30000000447034836       0.10210642220000000       0.18918989704879166        1.0419073116184951       0.18158035262743741       0.98923420250542826        1.8768967109187514E-002   1.9430635805084704     
  0.35000000521540642       0.10210642220000000       0.18874329033240303        1.0401477959823529       0.18145814571875057       0.98966994555917998        1.8593475156794066E-002   1.9453610728041786     
  0.40000000596046448       0.10210642220000000       0.18808497655103182        1.0375515963250386       0.18127770919269981       0.99031959927981861        1.7960616058668735E-002   1.9487625655247856     
  0.45000000670552254       0.10210642220000000       0.18742631967732656        1.0349553966677243       0.18109603590723666       0.99097251233080585        1.7324581889271790E-002   1.9521837503292796     
   0.0000000000000000       0.13251434270000001       0.17857142857142860        1.0000000000000000       0.17857142857142860        1.0000000000000000        0.0000000000000000        1.9999999999999998     
   5.0000000745058060E-002  0.13251434270000001       0.17875676097502266        1.0007892191069090       0.17861579397761981       0.99984200606384566        1.3607678122581681E-005   1.9989629457091032     
  0.10000000149011612       0.13251434270000001       0.18024118363950162        1.0067851418081688       0.17902646369590988       0.99839260511256500        2.3330732951652752E-003   1.9907144404747272     
  0.15000000223517418       0.13251434270000001       0.18297388628880609        1.0175957232859425       0.17980999929712832       0.99561679512637757        7.1497862675949254E-003   1.9757929249897037     
  0.20000000298023224       0.13251434270000001       0.18581090146689472        1.0287152203133014       0.18062423671568201       0.99270321218573709        1.2429504203882655E-002   1.9606514143554514     
  0.25000000372529030       0.13251434270000001       0.18781565828288818        1.0365590233606463       0.18119147491858950       0.99064780221377391        1.6421179440211972E-002   1.9501592790658901     
  0.30000000447034836       0.13251434270000001       0.18874474212768461        1.0402008933327211       0.18145027882350825       0.98969621787401341        1.8601134314143321E-002   1.9453535910819713     
  0.35000000521540642       0.13251434270000001       0.18882767136275266        1.0405270653529957       0.18147309921120933       0.98960329629062471        1.9252760284393041E-002   1.9449263644980357     
  0.40000000596046448       0.13251434270000001       0.18841795849758786        1.0389147874352791       0.18136035868998127       0.99000850207770963        1.8919530542720244E-002   1.9470398271381577     
  0.45000000670552254       0.13251434270000001       0.18800813089908663        1.0373025095175625       0.18124715709646461       0.99041496748643187        1.8585264923954518E-002   1.9491607893404175     
