VARIABLES = "X" "Y" "p" "rho" "T" "u" "v" "M"
ZONE I=  10    J=   30
   0.0000000000000000        0.0000000000000000       0.17857142857142860        1.0000000000000000       0.17857142857142860        0.0000000000000000        0.0000000000000000        1.9999999999999998     
   5.0000000745058060E-002   0.0000000000000000        3.0182108849258449        1.0000000000000000        3.0182108849258449        0.0000000000000000        0.0000000000000000       0.48647574480089856     
  0.10000000149011612        0.0000000000000000        1.3944560195659570        1.0000000000000000        1.3944560195659570        0.0000000000000000        0.0000000000000000       0.71570420931707601     
  0.15000000223517418        0.0000000000000000        3.0719139888336011        1.0000000000000000        3.0719139888336011        0.0000000000000000        0.0000000000000000       0.48220471916549734     
  0.20000000298023224        0.0000000000000000        2.6726541702719304        1.0000000000000000        2.6726541702719304        0.0000000000000000        0.0000000000000000       0.51696911596620332     
  0.25000000372529030        0.0000000000000000        3.7876234742739574        1.0000000000000000        3.7876234742739574        0.0000000000000000        0.0000000000000000       0.43426275418104643     
  0.30000000447034836        0.0000000000000000        3.8347849028646848        1.0000000000000000        3.8347849028646848        0.0000000000000000        0.0000000000000000       0.43158414098514847     
  0.35000000521540642        0.0000000000000000        4.6371352283789466        1.0000000000000000        4.6371352283789466        0.0000000000000000        0.0000000000000000       0.39247418985466576     
  0.40000000596046448        0.0000000000000000        4.9396217367353259        1.0000000000000000        4.9396217367353259        0.0000000000000000        0.0000000000000000       0.38026743530087548     
  0.45000000670552254        0.0000000000000000        5.2421082450917060        1.0000000000000000        5.2421082450917060        0.0000000000000000        0.0000000000000000       0.36913309997373694     
   0.0000000000000000        1.5999999600000000E-004  0.17857142857142860        1.0000000000000000       0.17857142857142860        1.0000000000000000        0.0000000000000000        1.9999999999999998     
   5.0000000745058060E-002   1.5999999600000000E-004   3.0182121448622712        1.0000000000000000        3.0182121448622712        4.2532837490512648E-002   3.2024335562659538E-002  0.48647564326254639     
  0.10000000149011612        1.5999999600000000E-004   1.3944563928170692        1.0000000000000000        1.3944563928170692       0.11295868151538822       -7.2985409689610939E-002  0.71570411353157437     
  0.15000000223517418        1.5999999600000000E-004   3.0719153408400901        1.0000000000000000        3.0719153408400901        1.8624717803041480E-004  -4.6824636828069130E-002  0.48220461305189904     
  0.20000000298023224        1.5999999600000000E-004   2.6726546213986579        1.0000000000000000        2.6726546213986579        1.1527216734398700E-002  -5.0586731706856854E-002  0.51696907233568823     
  0.25000000372529030        1.5999999600000000E-004   3.7876244405707502        1.0000000000000000        3.7876244405707502       -2.0722761359637864E-002  -5.7621354300769374E-002  0.43426269878659801     
  0.30000000447034836        1.5999999600000000E-004   3.8347851085682754        1.0000000000000000        3.8347851085682754       -3.1636191791870411E-002  -4.5805884692054523E-002  0.43158412940973995     
  0.35000000521540642        1.5999999600000000E-004   4.6371352497007248        1.0000000000000000        4.6371352497007248       -5.0611019061216012E-002  -4.8797508468331703E-002  0.39247418895235786     
  0.40000000596046448        1.5999999600000000E-004   4.9396209252176746        1.0000000000000000        4.9396209252176746       -7.5436790900706444E-002  -3.2777491595638475E-002  0.38026746653745497     
  0.45000000670552254        1.5999999600000000E-004   5.2417590614648537        1.0000000000000000        5.2417590614648537      -0.10026252867887095       -1.6757466545376146E-002  0.36914539480516545     
   0.0000000000000000        3.1999999190000003E-004  0.17857142857142860        1.0000000000000000       0.17857142857142860        1.0000000000000000        0.0000000000000000        1.9999999999999998     
   5.0000000745058060E-002   3.1999999190000003E-004   3.0105003374293409        1.0000000000000000        3.0105003374293409        6.7214391860247955E-002   6.8293164720906782E-002  0.48709833161510663     
  0.10000000149011612        3.1999999190000003E-004   1.3775692858518378        1.0000000000000000        1.3775692858518378       0.17723203003823601      -0.13512570437595312       0.72007752595566765     
  0.15000000223517418        3.1999999190000003E-004   3.0696673322496326        1.0000000000000000        3.0696673322496326        9.7078466776489951E-003  -8.0978757080736999E-002  0.48238114712000096     
  0.20000000298023224        3.1999999190000003E-004   2.6679156402733928        1.0000000000000000        2.6679156402733928        3.1552726503751453E-002  -8.3796213843925674E-002  0.51742801107997105     
  0.25000000372529030        3.1999999190000003E-004   3.7817380907220204        1.0000000000000000        3.7817380907220204       -3.9610689715498318E-002  -8.7429736810587091E-002  0.43460053659832032     
  0.30000000447034836        3.1999999190000003E-004   3.8311139826977798        1.0000000000000000        3.8311139826977798       -6.3846376858838330E-002  -6.8217342309884049E-002  0.43179086044057968     
  0.35000000521540642        3.1999999190000003E-004   4.6330351582872922        1.0000000000000000        4.6330351582872922      -0.10280693948344290       -7.1152880022916698E-002  0.39264781424723216     
  0.40000000596046448        3.1999999190000003E-004   4.9362149062066027        1.0000000000000000        4.9362149062066027      -0.14705299420522747       -3.9630247920881247E-002  0.38039863737363866     
  0.45000000670552254        3.1999999190000003E-004   5.2382157240609635        1.0000000000000000        5.2382157240609635      -0.19129898154918740       -8.1075785815722390E-003  0.36927022601025766     
   0.0000000000000000        4.7999998789999997E-004  0.17857142857142860        1.0000000000000000       0.17857142857142860        1.0000000000000000        0.0000000000000000        1.9999999999999998     
   5.0000000745058060E-002   4.7999998789999997E-004   2.9991970080934740        1.0000000000000000        2.9991970080934740        9.0592716425074576E-002   7.7409713347710296E-002  0.48801535290838077     
  0.10000000149011612        4.7999998789999997E-004   1.3721963146953546        1.0000000000000000        1.3721963146953546       0.21748949554476757      -0.15966756886132244       0.72148591621747737     
  0.15000000223517418        4.7999998789999997E-004   3.0674084574060898        1.0000000000000000        3.0674084574060898       -6.4836958522822086E-003  -9.5868524486238088E-002  0.48255872994302279     
  0.20000000298023224        4.7999998789999997E-004   2.6675080371129765        1.0000000000000000        2.6675080371129765        1.2714112951668022E-002 -0.12465120737628911       0.51746754183930643     
  0.25000000372529030        4.7999998789999997E-004   3.7816754363713243        1.0000000000000000        3.7816754363713243       -6.4591898859065286E-002 -0.13353678112432762       0.43460413678851473     
  0.30000000447034836        4.7999998789999997E-004   3.8285438665071352        1.0000000000000000        3.8285438665071352       -8.9493761640147773E-002 -0.10436939733687284       0.43193576755634716     
  0.35000000521540642        4.7999998789999997E-004   4.6270701017576572        1.0000000000000000        4.6270701017576572      -0.13693920646836072      -0.10159634160596080       0.39290082662690290     
  0.40000000596046448        4.7999998789999997E-004   4.9267260241541111        1.0000000000000000        4.9267260241541111      -0.19017673363066165       -5.0430289744474131E-002  0.38076478534426533     
  0.45000000670552254        4.7999998789999997E-004   5.2242027420290427        1.0000000000000000        5.2242027420290427      -0.24341420855279949        7.3576490765014935E-004  0.36976514475440286     
   0.0000000000000000        6.3999998380000005E-004  0.17857142857142860        1.0000000000000000       0.17857142857142860        1.0000000000000000        0.0000000000000000        1.9999999999999998     
   5.0000000745058060E-002   6.3999998380000005E-004   2.9922572013758773        1.0000000000000000        2.9922572013758773        9.9303731969617740E-002   9.0248231908097803E-002  0.48858094112435785     
  0.10000000149011612        6.3999998380000005E-004   1.3611259755408731        1.0000000000000000        1.3611259755408731       0.24596563654257689      -0.20383333436078654       0.72441397704315569     
  0.15000000223517418        6.3999998380000005E-004   3.0648690184101328        1.0000000000000000        3.0648690184101328        8.3400465414704365E-003 -0.11677073342474345       0.48275860385574804     
  0.20000000298023224        6.3999998380000005E-004   2.6587678689420735        1.0000000000000000        2.6587678689420735        3.6201276205044028E-002 -0.13248815022832966       0.51831737957358714     
  0.25000000372529030        6.3999998380000005E-004   3.7714292944107561        1.0000000000000000        3.7714292944107561       -7.8558114277130761E-002 -0.13063894079777272       0.43519409817593108     
  0.30000000447034836        6.3999998380000005E-004   3.8231114448207220        1.0000000000000000        3.8231114448207220      -0.11691220085156259       -9.6946888538007300E-002  0.43224253657304018     
  0.35000000521540642        6.3999998380000005E-004   4.6236821138113280        1.0000000000000000        4.6236821138113280      -0.18294553511237424       -9.2202914403637357E-002  0.39304474866495992     
  0.40000000596046448        6.3999998380000005E-004   4.9281016943617804        1.0000000000000000        4.9281016943617804      -0.24844216014319082       -3.0833509350401401E-002  0.38071163675239011     
  0.45000000670552254        6.3999998380000005E-004   5.2293004747506506        1.0000000000000000        5.2293004747506506      -0.31393866238022133        3.0535956721665890E-002  0.36958486983086813     
   0.0000000000000000        7.9999992160000000E-004  0.17857142857142860        1.0000000000000000       0.17857142857142860        1.0000000000000000        0.0000000000000000        1.9999999999999998     
   5.0000000745058060E-002   7.9999992160000000E-004   2.9782698657423454        1.0000000000000000        2.9782698657423454       0.11073738807803211        9.2517883297732445E-002  0.48972689848519180     
  0.10000000149011612        7.9999992160000000E-004   1.3598540084974029        1.0000000000000000        1.3598540084974029       0.25375896873308817      -0.20576729555461293       0.72475269551214483     
  0.15000000223517418        7.9999992160000000E-004   3.0633285050173500        1.0000000000000000        3.0633285050173500       -1.5979229632945024E-002 -0.11796328546417606       0.48287997553004097     
  0.20000000298023224        7.9999992160000000E-004   2.6604137301267445        1.0000000000000000        2.6604137301267445        3.9251629282207609E-003 -0.16388409795855813       0.51815702661297591     
  0.25000000372529030        7.9999992160000000E-004   3.7736715960950882        1.0000000000000000        3.7736715960950882      -0.10147457280257330      -0.16683787417981008       0.43506478360295042     
  0.30000000447034836        7.9999992160000000E-004   3.8203323551830648        1.0000000000000000        3.8203323551830648      -0.13450024662793880      -0.12504503580122064       0.43239972477845462     
  0.35000000521540642        7.9999992160000000E-004   4.6157988547376414        1.0000000000000000        4.6157988547376414      -0.20004552778812540      -0.11153789377159688       0.39338024332658006     
  0.40000000596046448        7.9999992160000000E-004   4.9146440782287932        1.0000000000000000        4.9146440782287932      -0.26498700040613665       -3.1174376389050972E-002  0.38123252579511513     
  0.45000000670552254        7.9999992160000000E-004   5.2092207225206382        1.0000000000000000        5.2092207225206382      -0.32992841923424110        4.9189140202825825E-002  0.37029649593033687     
   0.0000000000000000        9.5999997569999997E-004  0.17857142857142860        1.0000000000000000       0.17857142857142860        1.0000000000000000        0.0000000000000000        1.9999999999999998     
   5.0000000745058060E-002   9.5999997569999997E-004   2.9734178024988451        1.0000000000000000        2.9734178024988451       0.11244399001857930        9.6513971168083704E-002  0.49012630708807498     
  0.10000000149011612        9.5999997569999997E-004   1.3545199557323071        1.0000000000000000        1.3545199557323071       0.26940796456000637      -0.23665100961538263       0.72617831890876183     
  0.15000000223517418        9.5999997569999997E-004   3.0599151212917919        1.0000000000000000        3.0599151212917919        1.1504487678219923E-003 -0.13089061276473440       0.48314923058732578     
  0.20000000298023224        9.5999997569999997E-004   2.6499085398464612        1.0000000000000000        2.6499085398464612        2.9375967576223350E-002 -0.15482984582620563       0.51918309108039973     
  0.25000000372529030        9.5999997569999997E-004   3.7624274919161480        1.0000000000000000        3.7624274919161480      -0.11019199761273886      -0.14539839197169388       0.43571439935141709     
  0.30000000447034836        9.5999997569999997E-004   3.8155155055417338        1.0000000000000000        3.8155155055417338      -0.15551592130926697      -0.10042525305512454       0.43267257749235510     
  0.35000000521540642        9.5999997569999997E-004   4.6154515886908030        1.0000000000000000        4.6154515886908030      -0.23746317039217976       -8.5564157443452693E-002  0.39339504199036096     
  0.40000000596046448        9.5999997569999997E-004   4.9220751266951126        1.0000000000000000        4.9220751266951126      -0.31025230463562020       -6.8625274418494624E-004  0.38094463630058306     
  0.45000000670552254        9.5999997569999997E-004   5.2236992372452553        1.0000000000000000        5.2236992372452553      -0.38304127208947525        8.4191731693110838E-002  0.36978296488766982     
   0.0000000000000000        1.1199999130000000E-003  0.17857142857142860        1.0000000000000000       0.17857142857142860        1.0000000000000000        0.0000000000000000        1.9999999999999998     
   5.0000000745058060E-002   1.1199999130000000E-003   2.9581425576092770        1.0000000000000000        2.9581425576092770       0.11721939193324153        9.7638826665228065E-002  0.49139013380022556     
  0.10000000149011612        1.1199999130000000E-003   1.3559780678049840        1.0000000000000000        1.3559780678049840       0.26360664418515989      -0.22732088266368455       0.72578777639084480     
  0.15000000223517418        1.1199999130000000E-003   3.0592170522737820        1.0000000000000000        3.0592170522737820       -2.6308477062496168E-002 -0.12528939804154066       0.48320435127102723     
  0.20000000298023224        1.1199999130000000E-003   2.6528731945304269        1.0000000000000000        2.6528731945304269       -7.2049656497397366E-003 -0.17976318080975948       0.51889290969328572     
  0.25000000372529030        1.1199999130000000E-003   3.7656459921157972        1.0000000000000000        3.7656459921157972      -0.12859862420498527      -0.17540506333030437       0.43552815685025381     
  0.30000000447034836        1.1199999130000000E-003   3.8121752383079097        1.0000000000000000        3.8121752383079097      -0.16487028093195785      -0.12384479259584580       0.43286209207364740     
  0.35000000521540642        1.1199999130000000E-003   4.6061444577504176        1.0000000000000000        4.6061444577504176      -0.24021420031660345       -9.9698024974314986E-002  0.39379228653295600     
  0.40000000596046448        1.1199999130000000E-003   4.9062787205214011        1.0000000000000000        4.9062787205214011      -0.30727209103485270        2.0236641805863112E-003  0.38155739402914518     
  0.45000000670552254        1.1199999130000000E-003   5.2004770622537766        1.0000000000000000        5.2004770622537766      -0.37432992949434518       0.10374534850632101       0.37060765843921489     
   0.0000000000000000        1.2799999680000000E-003  0.17857142857142860        1.0000000000000000       0.17857142857142860        1.0000000000000000        0.0000000000000000        1.9999999999999998     
   5.0000000745058060E-002   1.2799999680000000E-003   2.9544451853538423        1.0000000000000000        2.9544451853538423       0.11631143008953088        9.8867758711085496E-002  0.49169751539963508     
  0.10000000149011612        1.2799999680000000E-003   1.3525137983411051        1.0000000000000000        1.3525137983411051       0.27543122046244661      -0.24948928334153611       0.72671668242960707     
  0.15000000223517418        1.2799999680000000E-003   3.0543697090547477        1.0000000000000000        3.0543697090547477       -7.1731458572548918E-003 -0.13336708733150185       0.48358762654439519     
  0.20000000298023224        1.2799999680000000E-003   2.6415534776638152        1.0000000000000000        2.6415534776638152        2.0674114345006635E-002 -0.16050853884355601       0.52000351406447320     
  0.25000000372529030        1.2799999680000000E-003   3.7544451507982415        1.0000000000000000        3.7544451507982415      -0.13239480632498943      -0.14417351160638292       0.43617734049584256     
  0.30000000447034836        1.2799999680000000E-003   3.8083320127443683        1.0000000000000000        3.8083320127443683      -0.17979497890450802       -9.0589488210003247E-002  0.43308045107655696     
  0.35000000521540642        1.2799999680000000E-003   4.6081509986230929        1.0000000000000000        4.6081509986230929      -0.26972283217203269       -6.6710630215309694E-002  0.39370654212563250     
  0.40000000596046448        1.2799999680000000E-003   4.9174756560185466        1.0000000000000000        4.9174756560185466      -0.34216871692800782        3.4725205544026187E-002  0.38112274945143765     
  0.45000000670552254        1.2799999680000000E-003   5.2205868116538685        1.0000000000000000        5.2205868116538685      -0.41461439993957971       0.13616113693170728       0.36989317763920077     
   0.0000000000000000        1.4400000220000000E-003  0.17857142857142860        1.0000000000000000       0.17857142857142860        1.0000000000000000        0.0000000000000000        1.9999999999999998     
   5.0000000745058060E-002   1.4400000220000000E-003   2.9381479061033486        1.0000000000000000        2.9381479061033486       0.11792434044498715       0.10054300435734841       0.49305930020804911     
  0.10000000149011612        1.4400000220000000E-003   1.3549523602444162        1.0000000000000000        1.3549523602444162       0.26474569649862068      -0.23451930889649844       0.72606243740371856     
  0.15000000223517418        1.4400000220000000E-003   3.0538058097270868        1.0000000000000000        3.0538058097270868       -3.5076120276429056E-002 -0.12421711798407289       0.48363227282628740     
  0.20000000298023224        1.4400000220000000E-003   2.6444898371274976        1.0000000000000000        2.6444898371274976       -1.5977166616944899E-002 -0.18193988616582243       0.51971473599580864     
  0.25000000372529030        1.4400000220000000E-003   3.7571360984541369        1.0000000000000000        3.7571360984541369      -0.14599058811080451      -0.17120777497573117       0.43602111237424951     
  0.30000000447034836        1.4400000220000000E-003   3.8038184831742119        1.0000000000000000        3.8038184831742119      -0.18209014817462701      -0.11238582193337475       0.43333731689664745     
  0.35000000521540642        1.4400000220000000E-003   4.5973085646685945        1.0000000000000000        4.5973085646685945      -0.26173692216040445       -7.9702999844277547E-002  0.39417053352448495     
  0.40000000596046448        1.4400000220000000E-003   4.8999211116812154        1.0000000000000000        4.8999211116812154      -0.32599922018213684        3.6180320903838700E-002  0.38180484763650069     
  0.45000000670552254        1.4400000220000000E-003   5.1955119217176922        1.0000000000000000        5.1955119217176922      -0.39026146580219773       0.15206363007118184       0.37078470352290610     
   0.0000000000000000        1.6480000920000000E-003  0.17857142857142860        1.0000000000000000       0.17857142857142860        1.0000000000000000        0.0000000000000000        1.9999999999999998     
   5.0000000745058060E-002   1.6480000920000000E-003   2.9318801969370734        1.0000000000000000        2.9318801969370734       0.11660889953043962       0.10154874177489351       0.49358604452043053     
  0.10000000149011612        1.6480000920000000E-003   1.3507214375192602        1.0000000000000000        1.3507214375192602       0.27626503592592144      -0.25193807446536104       0.72719868658476527     
  0.15000000223517418        1.6480000920000000E-003   3.0462929090472235        1.0000000000000000        3.0462929090472235       -1.4855972894087627E-002 -0.12908246170978882       0.48422828309769916     
  0.20000000298023224        1.6480000920000000E-003   2.6315653258070504        1.0000000000000000        2.6315653258070504        1.3563447070966454E-002 -0.15675247214021215       0.52098942062445219     
  0.25000000372529030        1.6480000920000000E-003   3.7447106127627983        1.0000000000000000        3.7447106127627983      -0.14763009661419560      -0.13415927959312565       0.43674390351301973     
  0.30000000447034836        1.6480000920000000E-003   3.7992738897002085        1.0000000000000000        3.7992738897002085      -0.19395780335645560       -7.3602100391680317E-002  0.43359641290189932     
  0.35000000521540642        1.6480000920000000E-003   4.5989875367115305        1.0000000000000000        4.5989875367115305      -0.28747529280514184       -4.1927830200144477E-002  0.39409857619547078     
  0.40000000596046448        1.6480000920000000E-003   4.9114583691601368        1.0000000000000000        4.9114583691601368      -0.35541289800308001        7.1571087677202605E-002  0.38135614478445329     
  0.45000000670552254        1.6480000920000000E-003   5.2169317134494122        1.0000000000000000        5.2169317134494122      -0.42335027034798567       0.18507011633639037       0.37002273263790625     
   0.0000000000000000        1.9184001720000000E-003  0.17857142857142860        1.0000000000000000       0.17857142857142860        1.0000000000000000        0.0000000000000000        1.9999999999999998     
   5.0000000745058060E-002   1.9184001720000000E-003   2.9075043233965769        1.0000000000000000        2.9075043233965769       0.11667968327651397       0.10512064855245817       0.49565078411765767     
  0.10000000149011612        1.9184001720000000E-003   1.3526479428076255        1.0000000000000000        1.3526479428076255       0.26413404952458114      -0.23377811991844372       0.72668064665279819     
  0.15000000223517418        1.9184001720000000E-003   3.0423568311929490        1.0000000000000000        3.0423568311929490       -4.3925417132539668E-002 -0.11612363160976373       0.48454141930462435     
  0.20000000298023224        1.9184001720000000E-003   2.6300402743499114        1.0000000000000000        2.6300402743499114       -2.3093752008536143E-002 -0.17511575518387892       0.52114044883048805     
  0.25000000372529030        1.9184001720000000E-003   3.7423899264182858        1.0000000000000000        3.7423899264182858      -0.15969368155115291      -0.15709350428327312       0.43687929674496401     
  0.30000000447034836        1.9184001720000000E-003   3.7898658442746380        1.0000000000000000        3.7898658442746380      -0.19258798656714585       -9.1008039409533795E-002  0.43413426389997867     
  0.35000000521540642        1.9184001720000000E-003   4.5830125821845717        1.0000000000000000        4.5830125821845717      -0.27392580166968949       -4.9320857482760549E-002  0.39478483114716306     
  0.40000000596046448        1.9184001720000000E-003   4.8896893769576648        1.0000000000000000        4.8896893769576648      -0.33105210727264589        7.9089272729221172E-002  0.38220410453588954     
  0.45000000670552254        1.9184001720000000E-003   5.1884668134670093        1.0000000000000000        5.1884668134670093      -0.38817835634770304       0.20749937635523300       0.37103635129533158     
   0.0000000000000000        2.2699201950000000E-003  0.17857142857142860        1.0000000000000000       0.17857142857142860        1.0000000000000000        0.0000000000000000        1.9999999999999998     
   5.0000000745058060E-002   2.2699201950000000E-003   2.8920834962115953        1.0000000000000000        2.8920834962115953       0.11603847858092928       0.10740741609692452       0.49697045269450590     
  0.10000000149011612        2.2699201950000000E-003   1.3449002420165781        1.0000000000000000        1.3449002420165781       0.27677353194501092      -0.24611823095481894       0.72877077157121839     
  0.15000000223517418        2.2699201950000000E-003   3.0283789901803893        1.0000000000000000        3.0283789901803893       -2.2501432264016699E-002 -0.11644337859625566       0.48565836102740179     
  0.20000000298023224        2.2699201950000000E-003   2.6127020692428533        1.0000000000000000        2.6127020692428533        8.6799463240410379E-003 -0.14327753942644050       0.52286676489861583     
  0.25000000372529030        2.2699201950000000E-003   3.7248248739958041        1.0000000000000000        3.7248248739958041      -0.15934602014944027      -0.11293544014225820       0.43790817494554785     
  0.30000000447034836        2.2699201950000000E-003   3.7805777942842980        1.0000000000000000        3.7805777942842980      -0.20095288957853802       -4.5171440014139724E-002  0.43466722306753425     
  0.35000000521540642        2.2699201950000000E-003   4.5792332432697762        1.0000000000000000        4.5792332432697762      -0.29546791353523455       -4.7286729304309811E-003  0.39494770972015703     
  0.40000000596046448        2.2699201950000000E-003   4.8960724886149753        1.0000000000000000        4.8960724886149753      -0.35365422284491993       0.11992432901066424       0.38195487955447122     
  0.45000000670552254        2.2699201950000000E-003   5.2053435948989915        1.0000000000000000        5.2053435948989915      -0.41184026151235581       0.24457746156844526       0.37043437535252066     
   0.0000000000000000        2.7268962000000000E-003  0.17857142857142860        1.0000000000000000       0.17857142857142860        1.0000000000000000        0.0000000000000000        1.9999999999999998     
   5.0000000745058060E-002   2.7268962000000000E-003   2.8539243064982589        1.0000000000000000        2.8539243064982589       0.11583212351036411       0.11382820485430657       0.50028186133983155     
  0.10000000149011612        2.7268962000000000E-003   1.3441349396998072        1.0000000000000000        1.3441349396998072       0.26539738435820115      -0.22375138818380169       0.72897821004265895     
  0.15000000223517418        2.7268962000000000E-003   3.0160520430872602        1.0000000000000000        3.0160520430872602       -5.1127605758830005E-002  -9.8345028232439152E-002  0.48664981943723445     
  0.20000000298023224        2.7268962000000000E-003   2.6019546079575413        1.0000000000000000        2.6019546079575413       -2.5514126400003088E-002 -0.15781035269743862       0.52394551150242108     
  0.25000000372529030        2.7268962000000000E-003   3.7123251909936328        1.0000000000000000        3.7123251909936328      -0.16735523977249978      -0.13101779081700432       0.43864479057420946     
  0.30000000447034836        2.7268962000000000E-003   3.7619863471376473        1.0000000000000000        3.7619863471376473      -0.19286220203696511       -5.8054499140951461E-002  0.43573994536353355     
  0.35000000521540642        2.7268962000000000E-003   4.5536418380152854        1.0000000000000000        4.5536418380152854      -0.27311479507471381       -6.7385794431129723E-003  0.39605595520161530     
  0.40000000596046448        2.7268962000000000E-003   4.8659408610290562        1.0000000000000000        4.8659408610290562      -0.31764273441074309       0.13208363346265814       0.38313565431472818     
  0.45000000670552254        2.7268962000000000E-003   5.1697397552456614        1.0000000000000000        5.1697397552456614      -0.36217060496437481       0.27090578889707451       0.37170777176325337     
   0.0000000000000000        3.3209649850000000E-003  0.17857142857142860        1.0000000000000000       0.17857142857142860        1.0000000000000000        0.0000000000000000        1.9999999999999998     
   5.0000000745058060E-002   3.3209649850000000E-003   2.8223193352929066        1.0000000000000000        2.8223193352929066       0.11781286250694631       0.11827861768784317       0.50307519780882337     
  0.10000000149011612        3.3209649850000000E-003   1.3287260627826718        1.0000000000000000        1.3287260627826718       0.28103895949792496      -0.23020275490643122       0.73319290769509871     
  0.15000000223517418        3.3209649850000000E-003   2.9894918023568438        1.0000000000000000        2.9894918023568438       -2.6319601044165822E-002  -9.3123048548801657E-002  0.48880686730659834     
  0.20000000298023224        3.3209649850000000E-003   2.5761841178626099        1.0000000000000000        2.5761841178626099        1.0956281158267701E-002 -0.11881713854146615       0.52655959742910941     
  0.25000000372529030        3.3209649850000000E-003   3.6829492051429509        1.0000000000000000        3.6829492051429509      -0.16231959552465641       -7.9351672863120157E-002  0.44039067814860700     
  0.30000000447034836        3.3209649850000000E-003   3.7412199755841553        1.0000000000000000        3.7412199755841553      -0.19466186994537521       -5.8877254174909159E-003  0.43694760164916774     
  0.35000000521540642        3.3209649850000000E-003   4.5359257222761791        1.0000000000000000        4.5359257222761791      -0.28704051930552593        4.3268706380250647E-002  0.39682864590489775     
  0.40000000596046448        3.3209649850000000E-003   4.8578628155779864        1.0000000000000000        4.8578628155779864      -0.32980056509643474       0.17558875115073133       0.38345407640352469     
  0.45000000670552254        3.3209649850000000E-003   5.1720664790971833        1.0000000000000000        5.1720664790971833      -0.37256030006461244       0.30790895026284776       0.37162415348116806     
   0.0000000000000000        4.0932544509999997E-003  0.17857142857142860        1.0000000000000000       0.17857142857142860        1.0000000000000000        0.0000000000000000        1.9999999999999998     
   5.0000000745058060E-002   4.0932544509999997E-003   2.7607037286648666        1.0000000000000000        2.7607037286648666       0.11965294741055692       0.12830668400040579       0.50865823650412467     
  0.10000000149011612        4.0932544509999997E-003   1.3209398177419318        1.0000000000000000        1.3209398177419318       0.27322835423634323      -0.20256139321750577       0.73535062587652844     
  0.15000000223517418        4.0932544509999997E-003   2.9591399088382953        1.0000000000000000        2.9591399088382953       -5.2030347966954327E-002  -6.8701019216151210E-002  0.49130731753081847     
  0.20000000298023224        4.0932544509999997E-003   2.5482310410393048        1.0000000000000000        2.5482310410393048       -1.7692478447475391E-002 -0.12941691865798233       0.52943979456412971     
  0.25000000372529030        4.0932544509999997E-003   3.6512360164288906        1.0000000000000000        3.6512360164288906      -0.16297872460547608       -9.2650325018993437E-002  0.44229907264954016     
  0.30000000447034836        4.0932544509999997E-003   3.7057662767077049        1.0000000000000000        3.7057662767077049      -0.17627740821995677       -1.5231639174967757E-002  0.43903280231905106     
  0.35000000521540642        4.0932544509999997E-003   4.4922574054429374        1.0000000000000000        4.4922574054429374      -0.25227534854848327        4.5198221777028084E-002  0.39875272642831838     
  0.40000000596046448        4.0932544509999997E-003   4.8109109706988740        1.0000000000000000        4.8109109706988740      -0.27875062886453250       0.18938981333034888       0.38532068363170330     
  0.45000000670552254        4.0932544509999997E-003   5.1209691542433431        1.0000000000000000        5.1209691542433431      -0.30522581453335529       0.33358129430805972       0.37347359506614869     
   0.0000000000000000        5.0972308960000002E-003  0.17857142857142860        1.0000000000000000       0.17857142857142860        1.0000000000000000        0.0000000000000000        1.9999999999999998     
   5.0000000745058060E-002   5.0972308960000002E-003   2.7014383826776789        1.0000000000000000        2.7014383826776789       0.12769836699354792       0.13511385210071516       0.51420755010459740     
  0.10000000149011612        5.0972308960000002E-003   1.2912197498165714        1.0000000000000000        1.2912197498165714       0.29447502604131331      -0.20276751802927639       0.74376528180232659     
  0.15000000223517418        5.0972308960000002E-003   2.9083236590866601        1.0000000000000000        2.9083236590866601       -2.0239448699056226E-002  -5.7445455402837520E-002  0.49558096159600790     
  0.20000000298023224        5.0972308960000002E-003   2.5055623426114049        1.0000000000000000        2.5055623426114049        2.6875802302872009E-002  -8.3350861354943434E-002  0.53392883482740772     
  0.25000000372529030        5.0972308960000002E-003   3.5964575769561358        1.0000000000000000        3.5964575769561358      -0.14964776021846984       -3.3680191209469690E-002  0.44565472070203221     
  0.30000000447034836        5.0972308960000002E-003   3.6602279349462554        1.0000000000000000        3.6602279349462554      -0.16807887416710146        4.1359768393127182E-002  0.44175545038081826     
  0.35000000521540642        5.0972308960000002E-003   4.4447471402883716        1.0000000000000000        4.4447471402883716      -0.25501896597593265        9.7799867012179811E-002  0.40087821188208911     
  0.40000000596046448        5.0972308960000002E-003   4.7718467463056342        1.0000000000000000        4.7718467463056342      -0.27738870253853298       0.23092986560508577       0.38689466263558803     
  0.45000000670552254        5.0972308960000002E-003   5.0916579618009870        1.0000000000000000        5.0916579618009870      -0.29975809466181041       0.36406004361282807       0.37454704177778603     
   0.0000000000000000        6.4024003220000004E-003  0.17857142857142860        1.0000000000000000       0.17857142857142860        1.0000000000000000        0.0000000000000000        1.9999999999999998     
   5.0000000745058060E-002   6.4024003220000004E-003   2.6001219587624171        1.0000000000000000        2.6001219587624171       0.13527549227716260       0.14898522964664621       0.52413012576251738     
  0.10000000149011612        6.4024003220000004E-003   1.2680764931264201        1.0000000000000000        1.2680764931264201       0.29370772839298420      -0.16881437345502551       0.75052170447027955     
  0.15000000223517418        6.4024003220000004E-003   2.8425255752271568        1.0000000000000000        2.8425255752271568       -3.9453408707696966E-002  -2.6116242989024509E-002  0.50128394080109806     
  0.20000000298023224        6.4024003220000004E-003   2.4469878891876995        1.0000000000000000        2.4469878891876995        7.4517277547849585E-003  -9.0870560017704230E-002  0.54028146922825837     
  0.25000000372529030        6.4024003220000004E-003   3.5296602859821831        1.0000000000000000        3.5296602859821831      -0.13874454660471078       -4.3478172171195047E-002  0.44985186768397190     
  0.30000000447034836        6.4024003220000004E-003   3.5939228601271487        1.0000000000000000        3.5939228601271487      -0.13547187731472957        3.3371704652600843E-002  0.44581184836760362     
  0.35000000521540642        6.4024003220000004E-003   4.3670698990793735        1.0000000000000000        4.3670698990793735      -0.20413061503010058       0.10103823930499144       0.40442771579079734     
  0.40000000596046448        6.4024003220000004E-003   4.6915847553165868        1.0000000000000000        4.6915847553165868      -0.20863314071666553       0.24214428263617646       0.39019005756965192     
  0.45000000670552254        6.4024003220000004E-003   5.0081283843906625        1.0000000000000000        5.0081283843906625      -0.21313552449912981       0.38325013859717427       0.37765762303550116     
   0.0000000000000000        8.0991201100000000E-003  0.17857142857142860        1.0000000000000000       0.17857142857142860        1.0000000000000000        0.0000000000000000        1.9999999999999998     
   5.0000000745058060E-002   8.0991201100000000E-003   2.4942432263021792        1.0000000000000000        2.4942432263021792       0.15528535733368162       0.15707276433455319       0.53513897372239538     
  0.10000000149011612        8.0991201100000000E-003   1.2128790018106876        1.0000000000000000        1.2128790018106876       0.32420006801929058      -0.16278174709907398       0.76740962782913869     
  0.15000000223517418        8.0991201100000000E-003   2.7456193308824437        1.0000000000000000        2.7456193308824437        5.0421986536057896E-003  -9.0987914781409922E-003  0.51005360354719576     
  0.20000000298023224        8.0991201100000000E-003   2.3702914591727282        1.0000000000000000        2.3702914591727282        6.4697295694022217E-002  -3.8258698875235010E-002  0.54895292861266398     
  0.25000000372529030        8.0991201100000000E-003   3.4235209572671663        1.0000000000000000        3.4235209572671663      -0.11250229230175585        2.1976277258449303E-002  0.45677201352260138     
  0.30000000447034836        8.0991201100000000E-003   3.4987221583875709        1.0000000000000000        3.4987221583875709      -0.11374726743183636        9.1293746305276591E-002  0.45183644118345034     
  0.35000000521540642        8.0991201100000000E-003   4.2615327528774198        1.0000000000000000        4.2615327528774198      -0.19234270935821313       0.15195744121649668       0.40940492883216945     
  0.40000000596046448        8.0991201100000000E-003   4.5933884111919330        1.0000000000000000        4.5933884111919330      -0.19186842148805094       0.27544245239489240       0.39433869690478995     
  0.45000000670552254        8.0991201100000000E-003   4.9191454502826994        1.0000000000000000        4.9191454502826994      -0.19139377480201455       0.39892766366512339       0.38105805827667316     
   0.0000000000000000        1.0304855179999999E-002  0.17857142857142860        1.0000000000000000       0.17857142857142860        1.0000000000000000        0.0000000000000000        1.9999999999999998     
   5.0000000745058060E-002   1.0304855179999999E-002   2.3262694977276284        1.0000000000000000        2.3262694977276284       0.17412020932121655       0.17402512843202431       0.55412273492456321     
  0.10000000149011612        1.0304855179999999E-002   1.1578664519907591        1.0000000000000000        1.1578664519907591       0.33491855526651804      -0.12157098619342115       0.78542866408399781     
  0.15000000223517418        1.0304855179999999E-002   2.6142575929336305        1.0000000000000000        2.6142575929336305       -2.2991672804002186E-003   2.8247300343321142E-002  0.52271118484706480     
  0.20000000298023224        1.0304855179999999E-002   2.2579275734874735        1.0000000000000000        2.2579275734874735        5.9208079495641046E-002  -4.4817426847906128E-002  0.56244618917995559     
  0.25000000372529030        1.0304855179999999E-002   3.2935879647542903        1.0000000000000000        3.2935879647542903       -8.4109224736788640E-002   1.2703176530906149E-002  0.46569475718600684     
  0.30000000447034836        1.0304855179999999E-002   3.3755819539505980        1.0000000000000000        3.3755819539505980       -6.2208018280205564E-002   8.1610425156569327E-002  0.46000404850463150     
  0.35000000521540642        1.0304855179999999E-002   4.1195180173286490        1.0000000000000000        4.1195180173286490      -0.12129002680788520       0.15326120552836184       0.41640197320532724     
  0.40000000596046448        1.0304855179999999E-002   4.4478062210502438        1.0000000000000000        4.4478062210502438      -0.10371817487114568       0.27984795725795508       0.40074033157721145     
  0.45000000670552254        1.0304855179999999E-002   4.7695620841139679        1.0000000000000000        4.7695620841139679       -8.6146099573333343E-002  0.40643443086299813       0.38698731451492652     
   0.0000000000000000        1.3172310780000000E-002  0.17857142857142860        1.0000000000000000       0.17857142857142860        1.0000000000000000        0.0000000000000000        1.9999999999999998     
   5.0000000745058060E-002   1.3172310780000000E-002   2.1419278328836167        1.0000000000000000        2.1419278328836167       0.21667150214225830       0.18008388592595775       0.57747550197557951     
  0.10000000149011612        1.3172310780000000E-002   1.0580632915782906        1.0000000000000000        1.0580632915782906       0.38086694734250542      -0.10898188343463523       0.82163732225767461     
  0.15000000223517418        1.3172310780000000E-002   2.4312132244085136        1.0000000000000000        2.4312132244085136        6.4399176181843237E-002   4.9956078332824463E-002  0.54203141425497758     
  0.20000000298023224        1.3172310780000000E-002   2.1133749956324857        1.0000000000000000        2.1133749956324857       0.13585479776286971        1.4011310736253346E-002  0.58136341698771676     
  0.25000000372529030        1.3172310780000000E-002   3.0881922072082406        1.0000000000000000        3.0881922072082406       -3.8989444091266014E-002   8.3455081632849037E-002  0.48093216157149732     
  0.30000000447034836        1.3172310780000000E-002   3.1848783875250719        1.0000000000000000        3.1848783875250719       -2.3330045054813495E-002  0.13684702242530250       0.47357585856855144     
  0.35000000521540642        1.3172310780000000E-002   3.9066156561020531        1.0000000000000000        3.9066156561020531       -9.1769841960027645E-002  0.19693781925046827       0.42759797424071905     
  0.40000000596046448        1.3172310780000000E-002   4.2426437293319230        1.0000000000000000        4.2426437293319230       -7.0649176184734874E-002  0.29772601983290542       0.41031528938455525     
  0.45000000670552254        1.3172310780000000E-002   4.5744303203122456        1.0000000000000000        4.5744303203122456       -4.9528169144586409E-002  0.39851442395997233       0.39515499299228579     
   0.0000000000000000        1.6900002960000000E-002  0.17857142857142860        1.0000000000000000       0.17857142857142860        1.0000000000000000        0.0000000000000000        1.9999999999999998     
   5.0000000745058060E-002   1.6900002960000000E-002   1.8649504117711018        1.0000000000000000        1.8649504117711018       0.25522278933236581       0.19735240511756280       0.61887414288974829     
  0.10000000149011612        1.6900002960000000E-002  0.93657085290840381        1.0000000000000000       0.93657085290840381       0.40997466641529473       -6.0108671813318471E-002  0.87330442996825342     
  0.15000000223517418        1.6900002960000000E-002   2.1860045966479826        1.0000000000000000        2.1860045966479826        7.8759321238868849E-002   8.8619944065094644E-002  0.57162398961592031     
  0.20000000298023224        1.6900002960000000E-002   1.9069186268393086        1.0000000000000000        1.9069186268393086       0.15259010146636542        4.4242759539675708E-003  0.61202604157685736     
  0.25000000372529030        1.6900002960000000E-002   2.8461521642082466        1.0000000000000000        2.8461521642082466        1.8006002334128919E-002   6.9257433811417760E-002  0.50096446907362824     
  0.30000000447034836        1.6900002960000000E-002   2.9560097540740471        1.0000000000000000        2.9560097540740471        5.5503848197549617E-002  0.12251104394046157       0.49156737435864023     
  0.35000000521540642        1.6900002960000000E-002   3.6409430900208264        1.0000000000000000        3.6409430900208264        5.9939978532846348E-003  0.19377409920630168       0.44292381996400648     
  0.40000000596046448        1.6900002960000000E-002   3.9675379097419121        1.0000000000000000        3.9675379097419121        3.8961330002402254E-002  0.29340662490771069       0.42430235242825326     
  0.45000000670552254        1.6900002960000000E-002   4.2897274872128639        1.0000000000000000        4.2897274872128639        7.1929025642941721E-002  0.39303879607456382       0.40805727995941099     
   0.0000000000000000        2.1746002140000002E-002  0.17857142857142860        1.0000000000000000       0.17857142857142860        1.0000000000000000        0.0000000000000000        1.9999999999999998     
   5.0000000745058060E-002   2.1746002140000002E-002   1.5479581720691944        1.0000000000000000        1.5479581720691944       0.34227819561221479       0.19337735788973470       0.67929179912322479     
  0.10000000149011612        2.1746002140000002E-002  0.76293002507659258        1.0000000000000000       0.76293002507659258       0.48906616788499485       -3.7415061419693627E-002  0.96759502946517240     
  0.15000000223517418        2.1746002140000002E-002   1.8433429682361431        1.0000000000000000        1.8433429682361431       0.18521619837650830       0.11397321600824609       0.62249075934294895     
  0.20000000298023224        2.1746002140000002E-002   1.6268543820571242        1.0000000000000000        1.6268543820571242       0.26091519550731679        7.0530537606181817E-002  0.66261557733490983     
  0.25000000372529030        2.1746002140000002E-002   2.4549753593045498        1.0000000000000000        2.4549753593045498        8.9846629211347506E-002  0.14371556411162065       0.53940182740368015     
  0.30000000447034836        2.1746002140000002E-002   2.5858852542862714        1.0000000000000000        2.5858852542862714       0.11588276244183826       0.16981031406001110       0.52557095602283499     
  0.35000000521540642        2.1746002140000002E-002   3.2368878830037788        1.0000000000000000        3.2368878830037788        5.7682447189874649E-002  0.22273063911510527       0.46975580297345015     
  0.40000000596046448        2.1746002140000002E-002   3.5747355953546274        1.0000000000000000        3.5747355953546274        9.1038760443666183E-002  0.28814298445579961       0.44700668673339328     
  0.45000000670552254        2.1746002140000002E-002   3.9104257580563142        1.0000000000000000        3.9104257580563142       0.12439535782627936       0.35355548915518276       0.42738960959961364     
   0.0000000000000000        2.8045799579999999E-002  0.17857142857142860        1.0000000000000000       0.17857142857142860        1.0000000000000000        0.0000000000000000        1.9999999999999998     
   5.0000000745058060E-002   2.8045799579999999E-002   1.1166890860603025        1.0000000000000000        1.1166890860603025       0.41692700031418767       0.20141872877388356       0.79977872339611089     
  0.10000000149011612        2.8045799579999999E-002  0.50168940528701500        1.0000000000000000       0.50168940528701500       0.55258927536715052        1.4909352533704300E-002   1.1932144863728629     
  0.15000000223517418        2.8045799579999999E-002   1.4294327570483794        1.0000000000000000        1.4294327570483794       0.24921432428202403       0.13694056893064524       0.70689370960972342     
  0.20000000298023224        2.8045799579999999E-002   1.2698919102011170        1.0000000000000000        1.2698919102011170       0.32469404794635098        5.0262439066977409E-002  0.74998504571600577     
  0.25000000372529030        2.8045799579999999E-002   2.0215332535086081        1.0000000000000000        2.0215332535086081       0.20645432868866367       0.11560301914494389       0.59442290702881639     
  0.30000000447034836        2.8045799579999999E-002   2.1592441804933435        1.0000000000000000        2.1592441804933435       0.24604248895431649       0.15017088463765479       0.57515526973141329     
  0.35000000521540642        2.8045799579999999E-002   2.7252585976790100        1.0000000000000000        2.7252585976790100       0.19913872158545129       0.21592765462074706       0.51195539379485611     
  0.40000000596046448        2.8045799579999999E-002   3.0326361424554449        1.0000000000000000        3.0326361424554449       0.22950671353058508       0.27870515175139310       0.48531736270198439     
  0.45000000670552254        2.8045799579999999E-002   3.3380671543814686        1.0000000000000000        3.3380671543814686       0.25987531779968426       0.34148228954220061       0.46258169957339945     
   0.0000000000000000        3.6235541109999998E-002  0.17857142857142860        1.0000000000000000       0.17857142857142860        1.0000000000000000        0.0000000000000000        1.9999999999999998     
   5.0000000745058060E-002   3.6235541109999998E-002  0.55772484863984806        1.0000000000000000       0.55772484863984806       0.60952497063611755       0.16540664501073743        1.1316861087004519     
  0.10000000149011612        3.6235541109999998E-002  0.26682624571328067        1.0000000000000000       0.26682624571328067       0.78159134665427954        7.5555993456706771E-002   1.6361446979669712     
  0.15000000223517418        3.6235541109999998E-002  0.78133462564747413        1.0000000000000000       0.78133462564747413       0.43092534825567169       0.16872990682418607       0.95613110441295290     
  0.20000000298023224        3.6235541109999998E-002  0.70449643582402677        1.0000000000000000       0.70449643582402677       0.49303118622997955       0.12478855181982249        1.0069237441464025     
  0.25000000372529030        3.6235541109999998E-002   1.3111342334321083        1.0000000000000000        1.3111342334321083       0.31315483162931684       0.18568316639543803       0.73809523858488346     
  0.30000000447034836        3.6235541109999998E-002   1.4829593637637488        1.0000000000000000        1.4829593637637488       0.33459666208325783       0.17678927926489482       0.69401899466591954     
  0.35000000521540642        3.6235541109999998E-002   2.0244497375617128        1.0000000000000000        2.0244497375617128       0.28624544680546676       0.21416797037649635       0.59399458082111478     
  0.40000000596046448        3.6235541109999998E-002   2.3471970821670691        1.0000000000000000        2.3471970821670691       0.31767910030490160       0.23837417906375480       0.55164692776952884     
  0.45000000670552254        3.6235541109999998E-002   2.6693117980958179        1.0000000000000000        2.6693117980958179       0.34911295756660937       0.26258037501390064       0.51729267551276814     
   0.0000000000000000        4.6882200989999998E-002  0.17857142857142860        1.0000000000000000       0.17857142857142860        1.0000000000000000        0.0000000000000000        1.9999999999999998     
   5.0000000745058060E-002   4.6882200989999998E-002  0.24541100054373668        1.0000000000000000       0.24541100054373668       0.86853815024172221        7.1847754444344464E-002   1.7060390558694347     
  0.10000000149011612        4.6882200989999998E-002  0.19003606592773623        1.0000000000000000       0.19003606592773623       0.94256082775676353        3.3147719582248360E-002   1.9387328387694713     
  0.15000000223517418        4.6882200989999998E-002  0.31114067633110692        1.0000000000000000       0.31114067633110692       0.76782275830527646        9.0733351470086959E-002   1.5151568250558269     
  0.20000000298023224        4.6882200989999998E-002  0.28993913616685929        1.0000000000000000       0.28993913616685929       0.80198668639801318        7.9368772596139642E-002   1.5695767677658465     
  0.25000000372529030        4.6882200989999998E-002  0.53152376468864959        1.0000000000000000       0.53152376468864959       0.63259388665112015       0.13553463352383810        1.1592434180923448     
  0.30000000447034836        4.6882200989999998E-002  0.63370140681821119        1.0000000000000000       0.63370140681821119       0.61621643475232257       0.16008687279725636        1.0616800253388825     
  0.35000000521540642        4.6882200989999998E-002  0.96572602663401508        1.0000000000000000       0.96572602663401508       0.52190456178394484       0.21406091049218673       0.86002091724540342     
  0.40000000596046448        4.6882200989999998E-002   1.2140768760417542        1.0000000000000000        1.2140768760417542       0.50467481560601224       0.23486916797771545       0.76703095037635660     
  0.45000000670552254        4.6882200989999998E-002   1.4621308638209749        1.0000000000000000        1.4621308638209749       0.48744607401401796       0.25567724490007337       0.69894477049297199     
   0.0000000000000000        6.0722857710000001E-002  0.17857142857142860        1.0000000000000000       0.17857142857142860        1.0000000000000000        0.0000000000000000        1.9999999999999998     
   5.0000000745058060E-002   6.0722857710000001E-002  0.18420368341496854        1.0000000000000000       0.18420368341496854       0.97670518471589074        1.6871886040748043E-002   1.9691863969235628     
  0.10000000149011612        6.0722857710000001E-002  0.17955779653259255        1.0000000000000000       0.17955779653259255       0.98980117782050336        8.7002225315078296E-003   1.9944991177115734     
  0.15000000223517418        6.0722857710000001E-002  0.19046838934186788        1.0000000000000000       0.19046838934186788       0.95709086474985072        2.3257194319887896E-002   1.9365313297549429     
  0.20000000298023224        6.0722857710000001E-002  0.18854496004568222        1.0000000000000000       0.18854496004568222       0.96357476505124384        2.1842867524895122E-002   1.9463839657274074     
  0.25000000372529030        6.0722857710000001E-002  0.22008758250639171        1.0000000000000000       0.22008758250639171       0.91486492915152973        4.4308436274526089E-002   1.8015163671670484     
  0.30000000447034836        6.0722857710000001E-002  0.23902721696461615        1.0000000000000000       0.23902721696461615       0.90099329652981142        5.4640820256053685E-002   1.7286708340577217     
  0.35000000521540642        6.0722857710000001E-002  0.31558417418559542        1.0000000000000000       0.31558417418559542       0.84479910952694948        8.7594343869163899E-002   1.5044521318116801     
  0.40000000596046448        6.0722857710000001E-002  0.39139591014071107        1.0000000000000000       0.39139591014071107       0.81507114689574167       0.10847311852299381        1.3509144295633682     
  0.45000000670552254        6.0722857710000001E-002  0.46667745210880751        1.0000000000000000       0.46667745210880751       0.78534435426710514       0.12935132387526993        1.2371648518783060     
   0.0000000000000000        7.8715711830000007E-002  0.17857142857142860        1.0000000000000000       0.17857142857142860        1.0000000000000000        0.0000000000000000        1.9999999999999998     
   5.0000000745058060E-002   7.8715711830000007E-002  0.17891924825405048        1.0000000000000000       0.17891924825405048       0.99698947670535687        2.6462249764537035E-003   1.9980550505816792     
  0.10000000149011612        7.8715711830000007E-002  0.17863068629945208        1.0000000000000000       0.17863068629945208       0.99868762006263156        1.3865910644776150E-003   1.9996682392902061     
  0.15000000223517418        7.8715711830000007E-002  0.17930273982191275        1.0000000000000000       0.17930273982191275       0.99444140652680357        3.8203302177939281E-003   1.9959171930972801     
  0.20000000298023224        7.8715711830000007E-002  0.17919423243011970        1.0000000000000000       0.17919423243011970       0.99527087724874419        3.6775002849022032E-003   1.9965213950034901     
  0.25000000372529030        7.8715711830000007E-002  0.18105064040906457        1.0000000000000000       0.18105064040906457       0.98930648413272970        7.1529805628242947E-003   1.9862593266806865     
  0.30000000447034836        7.8715711830000007E-002  0.18223216743047427        1.0000000000000000       0.18223216743047427       0.98755625213193077        9.2181080314231202E-003   1.9798097643963830     
  0.35000000521540642        7.8715711830000007E-002  0.18734169499821382        1.0000000000000000       0.18734169499821382       0.97963975537577797        1.5274846939801820E-002   1.9526246139383592     
  0.40000000596046448        7.8715711830000007E-002  0.19360654167854593        1.0000000000000000       0.19360654167854593       0.97362132519401512        1.9868551781319646E-002   1.9207726735274928     
  0.45000000670552254        7.8715711830000007E-002  0.19984819999700051        1.0000000000000000       0.19984819999700051       0.96760319845473097        2.4462063871424120E-002   1.8905399611652882     
   0.0000000000000000       0.10210642220000000       0.17857142857142860        1.0000000000000000       0.17857142857142860        1.0000000000000000        0.0000000000000000        1.9999999999999998     
   5.0000000745058060E-002  0.10210642220000000       0.17858566899580819        1.0000000000000000       0.17858566899580819       0.99975188925017355        2.7974274213388102E-004   1.9999202583927707     
  0.10000000149011612       0.10210642220000000       0.17857391048166624        1.0000000000000000       0.17857391048166624       0.99989267361662315        1.5463987673678808E-004   1.9999861014475480     
  0.15000000223517418       0.10210642220000000       0.17860088939589458        1.0000000000000000       0.17860088939589458       0.99955132076560638        4.0064591244732683E-004   1.9998350397941371     
  0.20000000298023224       0.10210642220000000       0.17859685215114501        1.0000000000000000       0.17859685215114501       0.99961868587370251        4.0868971705324361E-004   1.9998576431541342     
  0.25000000372529030       0.10210642220000000       0.17867731085006797        1.0000000000000000       0.17867731085006797       0.99910932523693397        8.0240960316121674E-004   1.9994073227934550     
  0.30000000447034836       0.10210642220000000       0.17873321441876588        1.0000000000000000       0.17873321441876588       0.99893521293342236        1.0254739577811251E-003   1.9990946144184922     
  0.35000000521540642       0.10210642220000000       0.17896986869261408        1.0000000000000000       0.17896986869261408       0.99820958312006214        1.7075248881367982E-003   1.9977724622986601     
  0.40000000596046448       0.10210642220000000       0.17925327167757824        1.0000000000000000       0.17925327167757824       0.99767323315311385        2.1798325233851742E-003   1.9961925786116661     
  0.45000000670552254       0.10210642220000000       0.17953645813047997        1.0000000000000000       0.17953645813047997       0.99713691157100115        2.6521169389621701E-003   1.9946176400443882     
   0.0000000000000000       0.13251434270000001       0.17857142857142860        1.0000000000000000       0.17857142857142860        1.0000000000000000        0.0000000000000000        1.9999999999999998     
   5.0000000745058060E-002  0.13251434270000001       0.17824680168986728        1.0000000000000000       0.17824680168986728        1.0025142779147627       -2.0867226233676692E-003   2.0018203928966583     
  0.10000000149011612       0.13251434270000001       0.17851594747691274        1.0000000000000000       0.17851594747691274        1.0010977167453210       -1.0773024474836999E-003   2.0003107665461699     
  0.15000000223517418       0.13251434270000001       0.17788392621392454        1.0000000000000000       0.17788392621392454        1.0046611896324738       -3.0190148417749041E-003   2.0038611659408434     
  0.20000000298023224       0.13251434270000001       0.17798764421769367        1.0000000000000000       0.17798764421769367        1.0039664565280735       -2.8600989827752658E-003   2.0032772299951107     
  0.25000000372529030       0.13251434270000001       0.17624944125543815        1.0000000000000000       0.17624944125543815        1.0089120838148491       -5.5481203551591479E-003   2.0131313299280396     
  0.30000000447034836       0.13251434270000001       0.17515566422151871        1.0000000000000000       0.17515566422151871        1.0103140801195791       -7.1671073543465441E-003   2.0194071474804653     
  0.35000000521540642       0.13251434270000001       0.17038658226829023        1.0000000000000000       0.17038658226829023        1.0167792533124675       -1.1859706890873165E-002   2.0474734851827128     
  0.40000000596046448       0.13251434270000001       0.16454362155842348        1.0000000000000000       0.16454362155842348        1.0217249389998693       -1.5508768442186471E-002   2.0835093621250640     
  0.45000000670552254       0.13251434270000001       0.15868555066570719        1.0000000000000000       0.15868555066570719        1.0266706246872710       -1.9157829993499777E-002   2.1216184845842387     
