          40   2.9380358395059147E-006
          80   1.8189323731099272E-006
         120   4.3112409836565391E-007
         160   7.4699858726434698E-007
         200   7.0673931723552741E-007
         240   6.6290047412431718E-007
         280   5.5836402756970216E-007
         320   6.0524383244109359E-007
         360   5.5255221820260658E-007
         400   5.6540200377153127E-007
         440   5.0554741792829816E-007
         480   5.3879945366430704E-007
         520   4.9481022751374226E-007
         560   4.6586122692815479E-007
         600   4.8857819401337821E-007
         640   4.7074611975173042E-007
         680   4.2795889315661029E-007
         720   4.1762833025149604E-007
         760   4.2754861034888236E-007
         800   4.1705834291638766E-007
         840   3.8547172426239840E-007
         880   3.5919467306078090E-007
         920   3.5354755678618233E-007
         960   3.5986062923987205E-007
        1000   3.6102755657241303E-007
        1040   3.5045709140257841E-007
        1080   3.3486084494160906E-007
        1120   3.2525681914474802E-007
        1160   3.2780842385005116E-007
        1200   3.4094543960305757E-007
        1240   3.5824284655427974E-007
        1280   3.7292042637249168E-007
        1320   3.8169765065321215E-007
        1360   3.8569114407804861E-007
        1400   3.8835161603190116E-007
        1440   3.9321424621929779E-007
        1480   4.0180872162842718E-007
        1520   4.1320865545868557E-007
        1560   4.2460195187610239E-007
        1600   4.3251860837312250E-007
        1640   4.3414966399701882E-007
        1680   4.2833025065691643E-007
        1720   4.1516935644914099E-007
        1760   3.9589332107015096E-007
        1800   3.7242296346828851E-007
        1840   3.4651053826273426E-007
        1880   3.1960602958625017E-007
        1920   2.9239204984987666E-007
        1960   2.6474557929256903E-007
        2000   2.3597741766190339E-007
        2040   2.0537791534103178E-007
        2080   1.7254645112707578E-007
        2120   1.3745084903593607E-007
        2160   1.0063439787044715E-007
        2200   6.3119771687158988E-008
        2240   2.6260733587690765E-008
        2280   8.5848245179320770E-009
        2320   4.0149950641943377E-008
        2360   6.7374024470545635E-008
        2400   8.9532279201609555E-008
        2440   1.0628105506782504E-007
        2480   1.1766233637411361E-007
        2520   1.2401751942059391E-007
        2560   1.2587996700563764E-007
        2600   1.2382495184759534E-007
        2640   1.1837527025271299E-007
        2680   1.0993272664405751E-007
        2720   9.8790874203391610E-008
        2760   8.5091549140159373E-008
        2800   6.8848632739371141E-008
        2840   4.9977780192111965E-008
        2880   2.8358872583567063E-008
        2920   3.9022904352314924E-009
        2960   2.3401973914261021E-008
        3000   5.3451035431084648E-008
        3040   8.6010899458255352E-008
        3080   1.2072548111197179E-007
        3120   1.5713965934027740E-007
        3160   1.9472504247941558E-007
        3200   2.3290022987954018E-007
        3240   2.7108314532009459E-007
        3280   3.0870458672671575E-007
        3320   3.4525203651547542E-007
        3360   3.8032900068207809E-007
        3400   4.1365148706340449E-007
        3440   4.4503578056076520E-007
        3480   4.7439624423217808E-007
        3520   5.0174507398859092E-007
        3560   5.2718862336709194E-007
        3600   5.5090725764594950E-007
        3640   5.7314009344056061E-007
        3680   5.9412420438942348E-007
        3720   6.1409424495506570E-007
        3760   6.3325640731193289E-007
        3800   6.5179093289291501E-007
        3840   6.6984549218496170E-007
        3880   6.8752054699361409E-007
        3920   7.0487329051349690E-007
        3960   7.2191583189162856E-007
        4000   7.3864486549446440E-007
        4040   7.5503727653414288E-007
        4080   7.7102551337970837E-007
        4120   7.8655389279536081E-007
        4160   8.0154063780701890E-007
        4200   8.1588548672684169E-007
        4240   8.2947079105277766E-007
        4280   8.4216053736207996E-007
        4320   8.5380788322764190E-007
        4360   8.6426645201642671E-007
        4400   8.7338920817803256E-007
        4440   8.8102205147988499E-007
        4480   8.8703849621118991E-007
        4520   8.9130180536134418E-007
        4560   8.9366764449705371E-007
        4600   8.9401479413941942E-007
        4640   8.9222078986095354E-007
        4680   8.8818547955282767E-007
        4720   8.8181881796600692E-007
        4760   8.7304982354652338E-007
        4800   8.6184423109259001E-007
        4840   8.4818141937725855E-007
        4880   8.3206440543159843E-007
        4920   8.1353993974797589E-007
        4960   7.9269174102503115E-007
        5000   7.6964703177306859E-007
        5040   7.4457693105545175E-007
        5080   7.1769544579547428E-007
        5120   6.8926350427211958E-007
        5160   6.5956070743888873E-007
        5200   6.2890950536242940E-007
        5240   5.9766438748054540E-007
        5280   5.6619500249377452E-007
        5320   5.3489274154383537E-007
        5360   5.0415081798149686E-007
        5400   4.7437671341077348E-007
        5440   4.4596817028175195E-007
        5480   4.1931205702061547E-007
        5520   3.9478168878392950E-007
        5560   3.7272380326580645E-007
        5600   3.5345125609653749E-007
        5640   3.3724152542768948E-007
        5680   3.2432890190170482E-007
        5720   3.1489955210073362E-007
        5760   3.0908994308465054E-007
        5800   3.0699246283960591E-007
        5840   3.0864016259402050E-007
        5880   3.1401514521967044E-007
        5920   3.2304701214069809E-007
        5960   3.3561445073049256E-007
        6000   3.5154469779641317E-007
        6040   3.7061471469534979E-007
        6080   3.9258083472937244E-007
        6120   4.1713566290013659E-007
        6160   4.4394562592753317E-007
        6200   4.7263891345128428E-007
        6240   5.0281711772015569E-007
        6280   5.3406703648395393E-007
        6320   5.6595274255943906E-007
        6360   5.9802030749622759E-007
        6400   6.2981623172309043E-007
        6440   6.6088241812423121E-007
        6480   6.9076327374739677E-007
        6520   7.1901416209829705E-007
        6560   7.4520084480944604E-007
        6600   7.6890859967981839E-007
        6640   7.8973641304269648E-007
        6680   8.0730929596928291E-007
        6720   8.2128688505545000E-007
        6760   8.3136933554106562E-007
        6800   8.3725381222476969E-007
        6840   8.3870610839698045E-007
        6880   8.3552003787845663E-007
        6920   8.2753197944152035E-007
        6960   8.1461871109800299E-007
        7000   7.9669949909488835E-007
        7040   7.7374608642433174E-007
        7080   7.4575746655813901E-007
        7120   7.1276927804397872E-007
        7160   6.7488010685456956E-007
        7200   6.3222359525383354E-007
        7240   5.8497648974809024E-007
        7280   5.3334087446454959E-007
        7320   4.7757173743390169E-007
        7360   4.1793937793910274E-007
        7400   3.5476476989426686E-007
        7440   2.8838263438357714E-007
        7480   2.1915267933714233E-007
        7520   1.4745570403595920E-007
        7560   7.3682042467382303E-008
        7600   1.7590983114601499E-009
        7640   7.8452984386689906E-008
        7680   1.5597967140124069E-007
        7720   2.3391876802225653E-007
        7760   3.1185354149032563E-007
        7800   3.8937428037399968E-007
        7840   4.6608110731982677E-007
        7880   5.4158764156708727E-007
        7920   6.1552306307444127E-007
        7960   6.8753620718897679E-007
        8000   7.5731084758778877E-007
        8040   8.2451998772992141E-007
        8080   8.8892132954487835E-007
        8120   9.5021420526419931E-007
        8160   1.0082009742062858E-006
        8200   1.0626837710914216E-006
        8240   1.1135299561870760E-006
        8280   1.1605959679417133E-006
        8320   1.2037932450859046E-006
        8360   1.2430627099879743E-006
        8400   1.2783839455909884E-006
        8440   1.3097626231362014E-006
        8480   1.3372395095134770E-006
        8520   1.3608851608393202E-006
        8560   1.3808054998842856E-006
        8600   1.3971240025445475E-006
        8640   1.4099940007228362E-006
        8680   1.4195996920207676E-006
        8720   1.4261348847965927E-006
        8760   1.4298013333857718E-006
        8800   1.4308365471893403E-006
        8840   1.4295026782296105E-006
        8880   1.4260460008408415E-006
        8920   1.4207263691057292E-006
        8960   1.4138048726741737E-006
        9000   1.4055365889498184E-006
        9040   1.3961953805874394E-006
        9080   1.3860235141271993E-006
        9120   1.3752674047906588E-006
        9160   1.3641609171721747E-006
        9200   1.3529266948975049E-006
        9240   1.3417742504850949E-006
        9280   1.3308971700265460E-006
        9320   1.3204697755786476E-006
        9360   1.3106493265691022E-006
        9400   1.3015743354771736E-006
        9440   1.2933674761184122E-006
        9480   1.2861268918196167E-006
        9520   1.2799367220539537E-006
        9560   1.2748618930524813E-006
        9600   1.2709410456279713E-006
        9640   1.2682064939872895E-006
        9680   1.2666586434173510E-006
        9720   1.2662854741440910E-006
        9760   1.2670591521546370E-006
        9800   1.2689365912477157E-006
        9840   1.2718598511596291E-006
        9880   1.2757580972189153E-006
        9920   1.2805489917333546E-006
        9960   1.2861401315622523E-006
       10000   1.2924305825001703E-006
       10040   1.2993117863291381E-006
       10080   1.3066703469233332E-006
       10120   1.3143870851717310E-006
       10160   1.3223413769525294E-006
       10200   1.3304087788656993E-006
       10240   1.3384098642155173E-006
       10280   1.3463410059588732E-006
       10320   1.3540196858174980E-006
       10360   1.3613307092152915E-006
       10400   1.3681583140856546E-006
       10440   1.3743940541210975E-006
       10480   1.3799373178025043E-006
       10520   1.3846900634439940E-006
       10560   1.3885589945639154E-006
       10600   1.3914599522046878E-006
       10640   1.3933188069414904E-006
       10680   1.3940719820748626E-006
       10720   1.3936620597565508E-006
       10760   1.3920402926470565E-006
       10800   1.3891690590628336E-006
       10840   1.3850210460741863E-006
       10880   1.3795775447578151E-006
       10920   1.3728257163281299E-006
       10960   1.3647599254040799E-006
       11000   1.3553830463530758E-006
       11040   1.3447049159731606E-006
       11080   1.3327405671281767E-006
       11120   1.3195122143261351E-006
       11160   1.3050474620968089E-006
       11200   1.2893809031022663E-006
       11240   1.2725519364376048E-006
       11280   1.2545988439804923E-006
       11320   1.2355625568782891E-006
       11360   1.2154890047244571E-006
       11400   1.1944315366219094E-006
       11440   1.1724407548152627E-006
       11480   1.1495684337226031E-006
       11520   1.1258651477219495E-006
       11560   1.1013798746351000E-006
       11600   1.0761609144926965E-006
       11640   1.0502573876136623E-006
       11680   1.0237180357863807E-006
       11720   9.9659062346990623E-007
       11760   9.6892223128142163E-007
       11800   9.4075932005610596E-007
       11840   9.1214826342111976E-007
       11880   8.8313384638549763E-007
       11920   8.5375843672519380E-007
       11960   8.2406181228789066E-007
       12000   7.9408146796966506E-007
       12040   7.6385281599922195E-007
       12080   7.3340913564479138E-007
       12120   7.0278219255204277E-007
       12160   6.7200255393640163E-007
       12200   6.4109918007648758E-007
       12240   6.1009917523557888E-007
       12280   5.7902763944683855E-007
       12320   5.4790874476351448E-007
       12360   5.1676484830176506E-007
       12400   4.8561883853048826E-007
       12440   4.5449326935287360E-007
       12480   4.2341021061487183E-007
       12520   3.9239137572533167E-007
       12560   3.6145878867799297E-007
       12600   3.3063526455601178E-007
       12640   2.9994394434851301E-007
       12680   2.6940891073579110E-007
       12720   2.3905237400700940E-007
       12760   2.0889305857307860E-007
       12800   1.7895477527618553E-007
       12840   1.4926488606237243E-007
       12880   1.1985062142727543E-007
       12920   9.0738137448198586E-008
       12960   6.1953092378441710E-008
       13000   3.3521275477621515E-008
       13040   5.4688695239057949E-009
       13080   2.2177359837449728E-008
       13120   4.9389821843437431E-008
       13160   7.6140376781275165E-008
       13200   1.0239920905652511E-007
       13240   1.2813687072510405E-007
       13280   1.5332317332417134E-007
       13320   1.7792772943892032E-007
       13360   2.0192012856190544E-007
       13400   2.2527064824640064E-007
       13440   2.4794898900726281E-007
       13480   2.6992494778221854E-007
       13520   2.9116951205665487E-007
       13560   3.1165491998219608E-007
       13600   3.3135522053973077E-007
       13640   3.5024574812636544E-007
       13680   3.6830209915184042E-007
       13720   3.8549943492949268E-007
       13760   4.0181258448290791E-007
       13800   4.1721698101904181E-007
       13840   4.3168968155704590E-007
       13880   4.4521040021283653E-007
       13920   4.5776178680956292E-007
       13960   4.6932926950349341E-007
       14000   4.7990082469029360E-007
       14040   4.8946659497728362E-007
       14080   4.9801833107432358E-007
       14120   5.0554897035315349E-007
       14160   5.1205376733198804E-007
       14200   5.1752943536209628E-007
       14240   5.2197515898466662E-007
       14280   5.2539182582300725E-007
       14320   5.2778165265943144E-007
       14360   5.2914867360032147E-007
       14400   5.2949831080839616E-007
       14440   5.2883771756162545E-007
       14480   5.2717599552387640E-007
       14520   5.2452472909525483E-007
       14560   5.2089837637714353E-007
       14600   5.1631450204148166E-007
       14640   5.1079375190665743E-007
       14680   5.0435982412722069E-007
       14720   4.9703930721234357E-007
       14760   4.8886050413310400E-007
       14800   4.7985454598720167E-007
       14840   4.7005516057296859E-007
       14880   4.5949648941334686E-007
       14920   4.4821522959814786E-007
       14960   4.3625096307620126E-007
       15000   4.2364256819249491E-007
       15040   4.1043454673816981E-007
       15080   3.9667022655454076E-007
       15120   3.8239440819376469E-007
       15160   3.6765218069945149E-007
       15200   3.5248802776610688E-007
       15240   3.3694645273918411E-007
       15280   3.2107196812347638E-007
       15320   3.0490878533129262E-007
       15360   2.8850149824677374E-007
       15400   2.7189483559064698E-007
       15440   2.5513370766061527E-007
       15480   2.3826321171593889E-007
       15520   2.2132866128732331E-007
       15560   2.0437332926004359E-007
       15600   1.8743687485445193E-007
       15640   1.7057614315474368E-007
       15680   1.5383789819800597E-007
       15720   1.3726952896586653E-007
       15760   1.2091629109090007E-007
       15800   1.0482441087367178E-007
       15840   8.9039757622533244E-008
       15880   7.3610805506607591E-008
       15920   5.8574469941063967E-008
       15960   4.3980028452406117E-008
       16000   2.9868828355095189E-008
       16040   1.6286933468556697E-008
       16080   3.2773781466488572E-009
       16120   9.1171453719951501E-009
       16160   2.0858152871561231E-008
       16200   3.1905223685235740E-008
       16240   4.2220582696650411E-008
       16280   5.1767147624115495E-008
       16320   6.0510048693895868E-008
       16360   6.8416769971602065E-008
       16400   7.5449096303970009E-008
       16440   8.1562357312492395E-008
       16480   8.6736945792420528E-008
       16520   9.0934350438498512E-008
       16560   9.4121025140392334E-008
       16600   9.6267761373614036E-008
       16640   9.7347087224530782E-008
       16680   9.7339099280890906E-008
       16720   9.6216604850152265E-008
       16760   9.3949826918127144E-008
       16800   9.0540446973097488E-008
       16840   8.5973621444246362E-008
       16880   8.0259567492024786E-008
       16920   7.3393459254500470E-008
       16960   6.5373528423950944E-008
       17000   5.6196880704462160E-008
       17040   4.5862451780731561E-008
       17080   3.4743689147909151E-008
       17120   2.2069858940376719E-008
       17160   8.2384148947234337E-009
       17200   6.7519115853897915E-009
       17240   2.2898156204487208E-008
       17280   4.0195134276554967E-008
       17320   5.8634852473371524E-008
       17360   7.8205746434356627E-008
       17400   9.8893470301675279E-008
       17440   1.2067891036471323E-007
       17480   1.4353869176586542E-007
       17520   1.6744930481094045E-007
       17560   1.9238585174941036E-007
       17600   2.1832251967390803E-007
       17640   2.4523182412528044E-007
       17680   2.7308510774926020E-007
       17720   3.0184975347014031E-007
       17760   3.3149439021551430E-007
       17800   3.6198056369007858E-007
       17840   3.9326832079744634E-007
       17880   4.2532414468166024E-007
       17920   4.5808167503658126E-007
       17960   4.9150529118913155E-007
       18000   5.2554231583235023E-007
       18040   5.6013899418783097E-007
       18080   5.9523959794471892E-007
       18120   6.3078346346223668E-007
       18160   6.6671105591886715E-007
       18200   7.0296045229234494E-007
       18240   7.3946681361514166E-007
       18280   7.7616930721502442E-007
       18320   8.1299549092861412E-007
       18360   8.4989667864521223E-007
       18400   8.8680053572653961E-007
       18440   9.2364139653300370E-007
       18480   9.6035548297068729E-007
       18520   9.9687727439512486E-007
       18560   1.0331437569344182E-006
       18600   1.0690902846333117E-006
       18640   1.1046569114436799E-006
       18680   1.1397828112436059E-006
       18720   1.1744062117791110E-006
       18760   1.2084699153036560E-006
       18800   1.2419162519483606E-006
       18840   1.2746868831570168E-006
       18880   1.3067265910993164E-006
       18920   1.3379813876279734E-006
       18960   1.3685508867267160E-006
       19000   1.3980419353298856E-006
       19040   1.4266067754897804E-006
       19080   1.4541986546601215E-006
       19120   1.4807764133761836E-006
       19160   1.5062987895331226E-006
       19200   1.5307261670427508E-006
       19240   1.5540205732245127E-006
       19280   1.5761459422058977E-006
       19320   1.5970682837318506E-006
       19360   1.6167531445288041E-006
       19400   1.6351708208017790E-006
       19440   1.6522960696319089E-006
       19480   1.6681066158930058E-006
       19520   1.6825789978525130E-006
       19560   1.6956983590610264E-006
       19600   1.7074530034855151E-006
       19640   1.7178356199187839E-006
       19680   1.7268437793593883E-006
       19720   1.7344799145280199E-006
       19760   1.7407487745146888E-006
       19800   1.7456602137144728E-006
       19840   1.7492254126838525E-006
       19880   1.7514588261380304E-006
       19920   1.7523733120694551E-006
       19960   1.7520076364685444E-006
       20000   1.7503385681405526E-006
       20040   1.7474095448388738E-006
       20080   1.7432432455333213E-006
       20120   1.7378640725929095E-006
       20160   1.7312977812489194E-006
       20200   1.7235711006757803E-006
       20240   1.7147128090755359E-006
       20280   1.7047518884871771E-006
       20320   1.6937191028021381E-006
       20360   1.6816460217672358E-006
       20400   1.6685661631821169E-006
       20440   1.6545135635981367E-006
       20480   1.6395235209465397E-006
       20520   1.6236324439367067E-006
       20560   1.6068685596004606E-006
       20600   1.5892927884841868E-006
       20640   1.5709299315269654E-006
       20680   1.5518201809117116E-006
       20720   1.5320039791211215E-006
       20760   1.5115220609596136E-006
       20800   1.4904152775274682E-006
       20840   1.4687230491805536E-006
       20880   1.4464847935546921E-006
       20920   1.4237396653293821E-006
       20960   1.4005265437933012E-006
       21000   1.3768840084749101E-006
       21040   1.3528497719295096E-006
       21080   1.3284619300724110E-006
       21120   1.3037573896590438E-006
       21160   1.2787719020357358E-006
       21200   1.2535415028769314E-006
       21240   1.2281000210667692E-006
       21280   1.2024820308376150E-006
       21320   1.1767222538594524E-006
       21360   1.1508514430880190E-006
       21400   1.1248985399836542E-006
       21440   1.0988912452214450E-006
       21480   1.0728564290296561E-006
       21520   1.0468188507140042E-006
       21560   1.0208031269165474E-006
       21600   9.9483241816633594E-007
       21640   9.6892897549771817E-007
       21680   9.4311423032289454E-007
       21720   9.1740897012471123E-007
       21760   8.9183378093604659E-007
       21800   8.6640754809463871E-007
       21840   8.4115011311780563E-007
       21880   8.1607996732513399E-007
       21920   7.9121488355538006E-007
       21960   7.6657131059532091E-007
       22000   7.4216523693326764E-007
       22040   7.1801105377966579E-007
       22080   6.9412181119554717E-007
       22120   6.7050931157330851E-007
       22160   6.4718309433775545E-007
       22200   6.2415507023905192E-007
       22240   6.0143405883339440E-007
       22280   5.7902656230846006E-007
       22320   5.5693929457145686E-007
       22360   5.3517851150708395E-007
       22400   5.1374916565372075E-007
       22440   4.9265653900842921E-007
       22480   4.7193567870307263E-007
       22520   4.5152736316556030E-007
       22560   4.3146783168523939E-007
       22600   4.1175961795758553E-007
       22640   3.9240484511759988E-007
       22680   3.7340518443951254E-007
       22720   3.5476186266425458E-007
       22760   3.3647563540961656E-007
       22800   3.1854682258636302E-007
       22840   3.0097503156412131E-007
       22880   2.8375984606476834E-007
       22920   2.6690047777444548E-007
       22960   2.5039546280858360E-007
       23000   2.3424278672301568E-007
       23040   2.1844004299831354E-007
       23080   2.0298460934320417E-007
       23120   1.8787365457795246E-007
       23160   1.7310436439821331E-007
       23200   1.5867413594161661E-007
       23240   1.4457978342319322E-007
       23280   1.3081808691861596E-007
       23320   1.1736912680637701E-007
       23360   1.0426922775197411E-007
       23400   9.1489202269645631E-008
       23440   7.9025087806883221E-008
       23480   6.6873356130425776E-008
       23520   5.5030043077941571E-008
       23560   4.3491002410522839E-008
       23600   3.2251419035400630E-008
       23640   2.1305995689946400E-008
       23680   1.0650017978619530E-008
       23720   2.7896873699972957E-010
       23760   9.8118826397097791E-009
       23800   1.9627967084989706E-008
       23840   2.9174050064639800E-008
       23880   3.8455053974484343E-008
       23920   4.7475831266297064E-008
       23960   5.6241563684000795E-008
       24000   6.4757520346070407E-008
       24040   7.3028953606613101E-008
       24080   8.1060986756309461E-008
       24120   8.8858575886252567E-008
       24160   9.6424240814130258E-008
       24200   1.0376211917462186E-007
       24240   1.1087971946155406E-007
       24280   1.1778156844277632E-007
       24320   1.2447213221244979E-007
       24360   1.3095581219424446E-007
       24400   1.3723994723990884E-007
       24440   1.4332278663875542E-007
       24480   1.4921070617957000E-007
       24520   1.5490877236512546E-007
       24560   1.6042073258670797E-007
       24600   1.6575084960113173E-007
       24640   1.7090386855711515E-007
       24680   1.7588346939989563E-007
       24720   1.8069428037170709E-007
       24760   1.8534006129833358E-007
       24800   1.8982486027496748E-007
       24840   1.9415280105850030E-007
       24880   1.9832791670060246E-007
       24920   2.0235405895352443E-007
       24960   2.0623497981597794E-007
       25000   2.0997419736268341E-007
       25040   2.1357539875532794E-007
       25080   2.1704206343287069E-007
       25120   2.2037766639337875E-007
       25160   2.2358461498894755E-007
       25200   2.2666582244479372E-007
       25240   2.2962562973294354E-007
       25280   2.3246639108132072E-007
       25320   2.3519377523317786E-007
       25360   2.3780904212511444E-007
       25400   2.4031304807214937E-007
       25440   2.4270797066572314E-007
       25480   2.4499778566999808E-007
       25520   2.4718634950016138E-007
       25560   2.4927676300912083E-007
       25600   2.5127165431682030E-007
       25640   2.5317330243357361E-007
       25680   2.5494078786936214E-007
       25720   2.5666741537699878E-007
       25760   2.5830685618233318E-007
       25800   2.5986188606497151E-007
       25840   2.6133498781666376E-007
       25880   2.6272786585179730E-007
       25920   2.6404175818006692E-007
       25960   2.6527864788183919E-007
       26000   2.6644058759295319E-007
       26040   2.6752974024990550E-007
       26080   2.6854841073120639E-007
       26120   2.6949873777049049E-007
       26160   2.7038314659444396E-007
       26200   2.7120683743220297E-007
       26240   2.7196847923738332E-007
       26280   2.7267023489097042E-007
       26320   2.7331399804486622E-007
       26360   2.7390105350466598E-007
       26400   2.7443319439157676E-007
       26440   2.7491233600684950E-007
       26480   2.7534026264541822E-007
       26520   2.7571863348008208E-007
       26560   2.7604904984102063E-007
       26600   2.7633303556484634E-007
       26640   2.7657201878694693E-007
       26680   2.7676734504211709E-007
       26720   2.7692040605042934E-007
       26760   2.7703255328637155E-007
       26800   2.7710509697964625E-007
       26840   2.7713931660677815E-007
       26880   2.7713645417426491E-007
       26920   2.7709772215667172E-007
       26960   2.7702429783449389E-007
       27000   2.7691732634727018E-007
       27040   2.7679843772610013E-007
       27080   2.7661890344976570E-007
       27120   2.7641156302715686E-007
       27160   2.7617674158708638E-007
       27200   2.7591488666045549E-007
       27240   2.7562694548954880E-007
       27280   2.7531347290832286E-007
       27320   2.7497512289365034E-007
       27360   2.7461242591009238E-007
       27400   2.7422559500944743E-007
       27440   2.7381626993561170E-007
       27480   2.7338529912102061E-007
       27520   2.7293354842861106E-007
       27560   2.7246190537066894E-007
       27600   2.7197127439038127E-007
       27640   2.7146255510146489E-007
       27680   2.7093648435894124E-007
       27720   2.7039439565168522E-007
       27760   2.6983709866534866E-007
       27800   2.6926541329963527E-007
       27840   2.6868008157210355E-007
       27880   2.6808181036175327E-007
       27920   2.6747128789583741E-007
       27960   2.6684919668396034E-007
       28000   2.6621623355760349E-007
       28040   2.6557249643843761E-007
       28080   2.6492042976000718E-007
       28120   2.6426042498695068E-007
       28160   2.6359248511687028E-007
       28200   2.6291694604774207E-007
       28240   2.6223412125103707E-007
       28280   2.6152776433363556E-007
       28320   2.6083042364843934E-007
       28360   2.6012860532276250E-007
       28400   2.5942331094430671E-007
       28440   2.5871510039854329E-007
       28480   2.5800426178834712E-007
       28520   2.5729173136479488E-007
       28560   2.5657769187059642E-007
       28600   2.5586229335239352E-007
       28640   2.5514585166863668E-007
       28680   2.5442903572869824E-007
       28720   2.5371297146525862E-007
       28760   2.5299919503840584E-007
       28800   2.5228943606458998E-007
       28840   2.5158567290572975E-007
       28880   2.5089345717654865E-007
       28920   2.5020580757262323E-007
       28960   2.4952358934626773E-007
       29000   2.4884665483781987E-007
       29040   2.4817413729616433E-007
       29080   2.4750470339895969E-007
       29120   2.4683675797776417E-007
       29160   2.4616876881378147E-007
       29200   2.4549949967367368E-007
       29240   2.4482816907145377E-007
       29280   2.4415454058512864E-007
       29320   2.4347894306275819E-007
       29360   2.4280222798989115E-007
       29400   2.4212570426396240E-007
       29440   2.4145114180251781E-007
       29480   2.4078063137755734E-007
       29520   2.4011539651036529E-007
       29560   2.3945746913112131E-007
       29600   2.3880888905258857E-007
       29640   2.3817157851491189E-007
       29680   2.3754722039415199E-007
       29720   2.3693734663154942E-007
       29760   2.3634319384902014E-007
       29800   2.3576510549405683E-007
       29840   2.3520333503057600E-007
       29880   2.3465795545574153E-007
       29920   2.3412896266172822E-007
       29960   2.3361622097928247E-007
       30000   2.3311931490743731E-007
       30040   2.3263748211155288E-007
       30080   2.3216962791172691E-007
       30120   2.3165786150469714E-007
       30160   2.3122215847548588E-007
       30200   2.3079840050233003E-007
       30240   2.3038747432035933E-007
       30280   2.2999064325235352E-007
       30320   2.2960919615622188E-007
       30360   2.2924416248626400E-007
       30400   2.2889594408770364E-007
       30440   2.2856405623716824E-007
       30480   2.2824747480942875E-007
       30520   2.2794465248665574E-007
       30560   2.2765379192879465E-007
       30600   2.2737313737364317E-007
       30640   2.2710124952807220E-007
       30680   2.2683703726489313E-007
       30720   2.2657995712993539E-007
       30760   2.2632895596563785E-007
       30800   2.2608584981931301E-007
       30840   2.2585245079698169E-007
       30880   2.2563072399339745E-007
       30920   2.2542267619218848E-007
       30960   2.2523027737308965E-007
       31000   2.2505529356786624E-007
       31040   2.2489921180923744E-007
       31080   2.2476316713371247E-007
       31120   2.2464789678489083E-007
       31160   2.2455374015795115E-007
       31200   2.2448069730840459E-007
       31240   2.2442837821490258E-007
       31280   2.2439602831436645E-007
       31320   2.2438274077662967E-007
       31360   2.2438736246854774E-007
       31400   2.2440857139205406E-007
       31440   2.2444524283571354E-007
       31480   2.2449619591080605E-007
       31520   2.2456014531213597E-007
       31560   2.2463735827038533E-007
       31600   2.2472661165284791E-007
       31640   2.2482643652343981E-007
       31680   2.2493599677320120E-007
       31720   2.2505465346878140E-007
       31760   2.2518195058607304E-007
       31800   2.2531759841237786E-007
       31840   2.2546139538670573E-007
       31880   2.2561312196245353E-007
       31920   2.2577313812943700E-007
       31960   2.2594138954223908E-007
       32000   2.2611809236128266E-007
       32040   2.2630366613984876E-007
       32080   2.2649830677679006E-007
       32120   2.2670217925124803E-007
       32160   2.2691541545771798E-007
       32200   2.2713811936858619E-007
       32240   2.2737037019826545E-007
       32280   2.2761222467915232E-007
       32320   2.2786192360735313E-007
       32360   2.2812140121342139E-007
       32400   2.2839072028046914E-007
       32440   2.2866984172864591E-007
       32480   2.2895871770733933E-007
       32520   2.2925729359357661E-007
       32560   2.2956550638220108E-007
       32600   2.2988328224338161E-007
       32640   2.3021053918714784E-007
       32680   2.3056967846102339E-007
       32720   2.3090535455905226E-007
       32760   2.3125321091388429E-007
       32800   2.3161223511314333E-007
       32840   2.3198159126991413E-007
       32880   2.3236060153752902E-007
       32920   2.3274872801293256E-007
       32960   2.3314550451347671E-007
       33000   2.3355054606932768E-007
       33040   2.3396352405447018E-007
       33080   2.3438415530652179E-007
       33120   2.3481218303089690E-007
       33160   2.3524736048052830E-007
       33200   2.3568945023422216E-007
       33240   2.3613819793988355E-007
       33280   2.3659333947545491E-007
       33320   2.3705461904555136E-007
       33360   2.3752176925295743E-007
       33400   2.3792467912508997E-007
       33440   2.3841972301985592E-007
       33480   2.3891595041236613E-007
       33520   2.3941394744486644E-007
       33560   2.3991412906321230E-007
       33600   2.4041606155877915E-007
       33640   2.4092042844037209E-007
       33680   2.4142760246537165E-007
       33720   2.4193759834423290E-007
       33760   2.4245039176307159E-007
       33800   2.4296591988326455E-007
       33840   2.4348409316532482E-007
       33880   2.4400482301345505E-007
       33920   2.4452801389296397E-007
       33960   2.4505349305314894E-007
       34000   2.4558109495975700E-007
       34040   2.4611064136648153E-007
       34080   2.4664194475665369E-007
       34120   2.4717481189595603E-007
       34160   2.4770904583082398E-007
       34200   2.4824444183613181E-007
       34240   2.4878054916133152E-007
       34280   2.4931765474356382E-007
       34320   2.4985530344689977E-007
       34360   2.5039328793718951E-007
       34400   2.5093140554321991E-007
       34440   2.5146945298315515E-007
       34480   2.5200723124951807E-007
       34520   2.5254454438794482E-007
       34560   2.5308119272482443E-007
       34600   2.5361697725267973E-007
       34640   2.5415170518128249E-007
       34680   2.5468518899396386E-007
       34720   2.5521724400512369E-007
       34760   2.5574768414138305E-007
       34800   2.5627632371794107E-007
       34840   2.5680297482955083E-007
       34880   2.5732745101425536E-007
       34920   2.5784956636520917E-007
       34960   2.5836913486454449E-007
       35000   2.5888572696697310E-007
       35040   2.5939331355084860E-007
       35080   2.5990367669148640E-007
       35120   2.6041098255547013E-007
       35160   2.6091467431044180E-007
       35200   2.6141446052285744E-007
       35240   2.6191019097954182E-007
       35280   2.6240178824243898E-007
       35320   2.6288919191541638E-007
       35360   2.6337233055562237E-007
       35400   2.6385111884241752E-007
       35440   2.6432546201826668E-007
       35480   2.6479532344581003E-007
       35520   2.6526053265030214E-007
       35560   2.6572093370091920E-007
       35600   2.6617638826387235E-007
       35640   2.6662674479371873E-007
       35680   2.6913170042552892E-007
       35720   2.6921273116320421E-007
       35760   2.6942662023632380E-007
       35800   2.6959727728037564E-007
       35840   2.6981073042442461E-007
       35880   2.7005744318575609E-007
       35920   2.7032953670014237E-007
       35960   2.7062064428262644E-007
       36000   2.7092567717046379E-007
       36040   2.7124054569060974E-007
       36080   2.7156196225064377E-007
       36120   2.7188728185523203E-007
       36160   2.7221438686497734E-007
       36200   2.7254153189826269E-007
       36240   2.7286719744834542E-007
       36280   2.7318998802039474E-007
       36320   2.7350853126772989E-007
       36360   2.7382170225687119E-007
       36400   2.7412881159483149E-007
       36440   2.7442947680977881E-007
       36480   2.7472356961544264E-007
       36520   2.7501116767192357E-007
       36560   2.7529245294477533E-007
       36600   2.7556763254610317E-007
       36640   2.7583684120147112E-007
       36680   2.7610008379586048E-007
       36720   2.7635719679341975E-007
       36760   2.7660784784888648E-007
       36800   2.7685164305513155E-007
       36840   2.7708780919732945E-007
       36880   2.7731577872947000E-007
       36920   2.7753488446302654E-007
       36960   2.7774442290517953E-007
       37000   2.7794584706031245E-007
       37040   2.7814004366355505E-007
       37080   2.7832016530338066E-007
       37120   2.7848708122890642E-007
       37160   2.7864148488543350E-007
       37200   2.7878393066282925E-007
       37240   2.7891486242825891E-007
       37280   2.7903465266154726E-007
       37320   2.7914361649949981E-007
       37360   2.7924203033213857E-007
       37400   2.7933013840852894E-007
       37440   2.7940815455762547E-007
       37480   2.7947626540791859E-007
       37520   2.7953462428120801E-007
       37560   2.7958335202526996E-007
       37600   2.7962254145474930E-007
       37640   2.7965224663750732E-007
       37680   2.7967249527360849E-007
       37720   2.7968328342176108E-007
       37760   2.7968458199412183E-007
       37800   2.7967633781100787E-007
       37840   2.7965847970712332E-007
       37880   2.7963080634352266E-007
       37920   2.7959331255766884E-007
       37960   2.7947430936148265E-007
       38000   2.7942487834664576E-007
       38040   2.7936335117439981E-007
       38080   2.7929033824536376E-007
       38120   2.7920619216637022E-007
       38160   2.7911109073963658E-007
       38200   2.7900513094314405E-007
       38240   2.7888855125279832E-007
       38280   2.7876187219666448E-007
       38320   2.7862486456919910E-007
       38360   2.7847725303509208E-007
       38400   2.7831880755613270E-007
       38440   2.7814937764158998E-007
       38480   2.7796886492570394E-007
       38520   2.7777721239852227E-007
       38560   2.7757438564313119E-007
       38600   2.7736036439796052E-007
       38640   2.7713514744176493E-007
       38680   2.7689874132486025E-007
       38720   2.7665116275610302E-007
       38760   2.7639243371790911E-007
       38800   2.7612258107767573E-007
       38840   2.7584163397875727E-007
       38880   2.7554962550579987E-007
       38920   2.7524658929856116E-007
       38960   2.7493255899679880E-007
       39000   2.7460757062724994E-007
       39040   2.7427165827376143E-007
       39080   2.7392485957289381E-007
       39120   2.7356720833093817E-007
       39160   2.7319874196241045E-007
       39200   2.7281949621649204E-007
       39240   2.7242950750849815E-007
       39280   2.7202881269783319E-007
       39320   2.7161744903247964E-007
       39360   2.7119545475962070E-007
       39400   2.7076287595351189E-007
       39440   2.7031975297076016E-007
       39480   2.6986610496271268E-007
       39520   2.6940198000202642E-007
       39560   2.6892742377437884E-007
       39600   2.6844248302015927E-007
       39640   2.6794720420220131E-007
       39680   2.6744163489356154E-007
       39720   2.6692608329215162E-007
       39760   2.6640024536339624E-007
       39800   2.6586408513606941E-007
       39840   2.6531770075388650E-007
       39880   2.6476118475393662E-007
       39920   2.6419462856308584E-007
       39960   2.6361811988895312E-007
       40000   2.6303182165676731E-007
 Solver ran to nmax and stopped (as specified to)
 possibly converged, check history...
  
Converged with  40001 iterations in 135.4375 seconds
Iteration vs. Residual RMSe history printed above
 primatives wrote to:  case2.dat                     
