sg6050
FROM Phillipe Guigere Sept 97
     7                                                                          No of Reynolds no sets included
     0.15       0.2        0.35       0.5        0.75       1.0        1.5      Reynolds numbers in millions
    12         12         12         12         12         12         12        Stall angle (deg)
     0          0          0          0          0          0          0        Gormont dynamic stall parameter (upper loop)
     0.7        0.7        0.7        0.7        0.7        0.7        0.7      Gormont dynamic stall parameter (lower loop)
     0.15       0.15       0.15       0.15       0.15       0.15       0.15     "Airfoil Thickness ratio, Thickness/Chord"
    -3.5       -3.5       -3.5       -3.5       -3.5       -3.5       -3.5      zero lift angle
     6.308      6.308      6.308      6.308      6.308      6.308      6.308    Cn slope
     1.3        1.35       1.35       1.35       1.35       1.35       1.35     Cn at stall
    -0.9       -0.9       -0.9       -0.9       -0.9       -0.9       -0.9      Cn at negative stall
     0.01       0.01       0.01       0.01       0.01       0.01       0.01     Alpha for Cd min1
     0.016      0.013      0.009      0.008      0.007      0.007      0.006    Cd min
-180.0  0.2910   0.98080  0.2910   0.98080  0.2910   0.98080  0.2910   0.98080  0.2910   0.98080  0.2910   0.98080  0.2910   0.98080
-170.0  0.0580   1.00730  0.0580   1.00730  0.0580   1.00730  0.0580   1.00730  0.0580   1.00730  0.0580   1.00730  0.0580   1.00730
-160.0  0.4070   1.08220  0.4070   1.08220  0.4070   1.08220  0.4070   1.08220  0.4070   1.08220  0.4070   1.08220  0.4070   1.08220
-150.0  0.7560   1.19260  0.7560   1.19260  0.7560   1.19260  0.7560   1.19260  0.7560   1.19260  0.7560   1.19260  0.7560   1.19260
-140.0  0.8980   1.31850  0.8980   1.31850  0.8980   1.31850  0.8980   1.31850  0.8980   1.31850  0.8980   1.31850  0.8980   1.31850
-130.0  0.8070   1.43600  0.8070   1.43600  0.8070   1.43600  0.8070   1.43600  0.8070   1.43600  0.8070   1.43600  0.8070   1.43600
-120.0  0.6650   1.52000  0.6650   1.52000  0.6650   1.52000  0.6650   1.52000  0.6650   1.52000  0.6650   1.52000  0.6650   1.52000
-110.0  0.4720   1.54770  0.4720   1.54770  0.4720   1.54770  0.4720   1.54770  0.4720   1.54770  0.4720   1.54770  0.4720   1.54770
-100.0  0.2420   1.50170  0.2420   1.50170  0.2420   1.50170  0.2420   1.50170  0.2420   1.50170  0.2420   1.50170  0.2420   1.50170
 -90.0  0.0000   1.37280  0.0000   1.37280  0.0000   1.37280  0.0000   1.37280  0.0000   1.37280  0.0000   1.37280  0.0000   1.37280
 -80.0 -0.2420   1.50170 -0.2420   1.50170 -0.2420   1.50170 -0.2420   1.50170 -0.2420   1.50170 -0.2420   1.50170 -0.2420   1.50170
 -70.0 -0.4720   1.54770 -0.4720   1.54770 -0.4720   1.54770 -0.4720   1.54770 -0.4720   1.54770 -0.4720   1.54770 -0.4720   1.54770
 -60.0 -0.6650   1.52000 -0.6650   1.52000 -0.6650   1.52000 -0.6650   1.52000 -0.6650   1.52000 -0.6650   1.52000 -0.6650   1.52000
 -50.0 -0.8070   1.23950 -0.8070   1.23950 -0.8070   1.23950 -0.8070   1.23950 -0.8070   1.23950 -0.8070   1.23950 -0.8070   1.23950
 -40.0 -0.8980   0.95910 -0.8980   0.95910 -0.8980   0.95910 -0.8980   0.95910 -0.8980   0.95910 -0.8980   0.95910 -0.8980   0.95910
 -30.0 -0.8560   0.67860 -0.8560   0.67860 -0.8560   0.67860 -0.8560   0.67860 -0.8560   0.67860 -0.8560   0.67860 -0.8560   0.67860
 -20.0 -0.7080   0.39810 -0.7080   0.39810 -0.7080   0.39810 -0.7080   0.39810 -0.7080   0.39810 -0.7080   0.39810 -0.7080   0.39810
 -10.0 -0.5590   0.11770 -0.5590   0.11770 -0.5590   0.11770 -0.5590   0.11770 -0.5590   0.11770 -0.5590   0.11770 -0.5590   0.11770
  -5.0 -0.1688   0.01748 -0.1773   0.01459 -0.1937   0.01216 -0.1988   0.01111 -0.2022   0.01007 -0.2035   0.00940 -0.2048   0.00863
  -4.0 -0.0573   0.01780 -0.0653   0.01493 -0.0801   0.01126 -0.0849   0.00973 -0.0871   0.00857 -0.0871   0.00813 -0.0861   0.00782
  -3.0  0.0518   0.01759  0.0466   0.01476  0.0370   0.01122  0.0337   0.00970  0.0321   0.00837  0.0318   0.00765  0.0325   0.00687
  -2.0  0.1608   0.01734  0.1580   0.01457  0.1540   0.01105  0.1524   0.00958  0.1518   0.00827  0.1523   0.00754  0.1532   0.00677
  -1.0  0.2694   0.01708  0.2715   0.01423  0.2706   0.01082  0.2704   0.00942  0.2712   0.00817  0.2722   0.00750  0.2739   0.00674
   0.0  0.3760   0.01658  0.3846   0.01374  0.3874   0.01055  0.3885   0.00921  0.3904   0.00807  0.3919   0.00746  0.3942   0.00676
   1.0  0.5018   0.01625  0.4776   0.01309  0.5017   0.00996  0.5060   0.00894  0.5092   0.00799  0.5111   0.00747  0.5140   0.00683
   2.0  0.6203   0.01641  0.6279   0.01313  0.5965   0.00952  0.6085   0.00822  0.6262   0.00758  0.6297   0.00734  0.6332   0.00690
   3.0  0.7212   0.01662  0.7266   0.01336  0.7294   0.00969  0.7220   0.00832  0.7261   0.00731  0.7408   0.00682  0.7513   0.00668
   4.0  0.8295   0.01674  0.8333   0.01363  0.8365   0.01007  0.8387   0.00869  0.8422   0.00757  0.8437   0.00713  0.8618   0.00662
   5.0  0.9350   0.01712  0.9400   0.01409  0.9446   0.01061  0.9486   0.00926  0.9541   0.00817  0.9578   0.00759  0.9607   0.00707
   6.0  1.0402   0.01751  1.0441   0.01464  1.0498   0.01134  1.0554   0.01005  1.0635   0.00896  1.0686   0.00839  1.0748   0.00777
   7.0  1.1375   0.01823  1.1415   0.01551  1.1491   0.01234  1.1570   0.01107  1.1677   0.00999  1.1729   0.00949  1.1819   0.00882
   8.0  1.2273   0.01923  1.2292   0.01671  1.2382   0.01368  1.2508   0.01237  1.2634   0.01137  1.2700   0.01092  1.2776   0.01043
   9.0  1.3002   0.02071  1.2984   0.01840  1.3080   0.01547  1.3245   0.01426  1.3401   0.01339  1.3481   0.01298  1.3562   0.01259
  10.0  1.3365   0.02301  1.3317   0.02099  1.3476   0.01836  1.3630   0.01728  1.3791   0.01640  1.3905   0.01584  1.4067   0.01511
  11.0  1.3433   0.02724  1.3472   0.02550  1.3649   0.02335  1.3844   0.02202  1.4083   0.02053  1.4247   0.01957  1.4476   0.01832
  12.0  1.3325   0.03413  1.3412   0.03261  1.3710   0.03001  1.3988   0.02798  1.4293   0.02584  1.4503   0.02445  1.4797   0.02259
  13.0  1.3052   0.04401  1.3213   0.04234  1.3700   0.03816  1.4050   0.03527  1.4422   0.03236  1.4674   0.03047  1.5004   0.02813
  14.0  1.2736   0.05667  1.3004   0.05423  1.3620   0.04836  1.4036   0.04442  1.4447   0.04071  1.4718   0.03839  1.5098   0.03526
  15.0  1.2458   0.07106  1.2733   0.06870  1.3450   0.06110  1.3892   0.05634  1.4351   0.05159  1.4710   0.05642  1.5168   0.05308
  16.0  1.2458   0.10000  1.2733   0.10000  1.3450   0.10000  1.3892   0.10000  1.4351   0.10000  1.4710   0.10000  1.5168   0.10000
  20.0  1.2458   0.17500  1.2733   0.17500  1.3450   0.17500  1.3892   0.17500  1.4351   0.17500  1.4710   0.17500  1.5168   0.17500
  25.0  1.2458   0.27500  1.2733   0.27500  1.3450   0.27500  1.3892   0.27500  1.4351   0.27500  1.4710   0.27500  1.5168   0.27500
  27.5  1.2458   0.36300  1.2733   0.36300  1.3450   0.36300  1.3892   0.36300  1.4351   0.36300  1.4710   0.36300  1.5168   0.36300
  40.0  1.3000   0.90000  1.3000   0.90000  1.3000   0.90000  1.3000   0.90000  1.3000   0.90000  1.3000   0.90000  1.3000   0.90000
  45.0  1.2850   1.07500  1.2850   1.07500  1.2850   1.07500  1.2850   1.07500  1.2850   1.07500  1.2850   1.07500  1.2850   1.07500
  50.0  1.2300   1.27500  1.2300   1.27500  1.2300   1.27500  1.2300   1.27500  1.2300   1.27500  1.2300   1.27500  1.2300   1.27500
  55.0  1.1500   1.37500  1.1500   1.37500  1.1500   1.37500  1.1500   1.37500  1.1500   1.37500  1.1500   1.37500  1.1500   1.37500
  60.0  1.0500   1.52000  1.0500   1.52000  1.0500   1.52000  1.0500   1.52000  1.0500   1.52000  1.0500   1.52000  1.0500   1.52000
  65.0  0.9300   1.63000  0.9300   1.63000  0.9300   1.63000  0.9300   1.63000  0.9300   1.63000  0.9300   1.63000  0.9300   1.63000
  70.0  0.7750   1.75000  0.7750   1.75000  0.7750   1.75000  0.7750   1.75000  0.7750   1.75000  0.7750   1.75000  0.7750   1.75000
  80.0  0.4750   1.80000  0.4750   1.80000  0.4750   1.80000  0.4750   1.80000  0.4750   1.80000  0.4750   1.80000  0.4750   1.80000
  85.6  0.1070   1.80000  0.1070   1.80000  0.1070   1.80000  0.1070   1.80000  0.1070   1.80000  0.1070   1.80000  0.1070   1.80000
  95.6 -0.1350   1.80000 -0.1350   1.80000 -0.1350   1.80000 -0.1350   1.80000 -0.1350   1.80000 -0.1350   1.80000 -0.1350   1.80000
 105.6 -0.3730   1.70000 -0.3730   1.70000 -0.3730   1.70000 -0.3730   1.70000 -0.3730   1.70000 -0.3730   1.70000 -0.3730   1.70000
 115.6 -0.5850   1.60000 -0.5850   1.60000 -0.5850   1.60000 -0.5850   1.60000 -0.5850   1.60000 -0.5850   1.60000 -0.5850   1.60000
 125.6 -0.7510   1.50000 -0.7510   1.50000 -0.7510   1.50000 -0.7510   1.50000 -0.7510   1.50000 -0.7510   1.50000 -0.7510   1.50000
 135.6 -0.8640   1.37310 -0.8640   1.37310 -0.8640   1.37310 -0.8640   1.37310 -0.8640   1.37310 -0.8640   1.37310 -0.8640   1.37310
 145.6 -0.9020   1.24780 -0.9020   1.24780 -0.9020   1.24780 -0.9020   1.24780 -0.9020   1.24780 -0.9020   1.24780 -0.9020   1.24780
 155.6 -0.4090   1.12780 -0.4090   1.12780 -0.4090   1.12780 -0.4090   1.12780 -0.4090   1.12780 -0.4090   1.12780 -0.4090   1.12780
 165.6  0.0840   1.03510  0.0840   1.03510  0.0840   1.03510  0.0840   1.03510  0.0840   1.03510  0.0840   1.03510  0.0840   1.03510
 175.6  0.5780   0.98610  0.5780   0.98610  0.5780   0.98610  0.5780   0.98610  0.5780   0.98610  0.5780   0.98610  0.5780   0.98610
 180.0  0.2910   0.98080  0.2910   0.98080  0.2910   0.98080  0.2910   0.98080  0.2910   0.98080  0.2910   0.98080  0.2910   0.98080
