VARIABLES = "X" "Y" "J"
ZONE I=  41    J=   19
 -0.80000001192092896        0.0000000000000000        5.9104471609140547E-003
 -0.64009624506605289        0.0000000000000000        4.3423165716861218E-003
 -0.52616945566793505        0.0000000000000000        3.1873537862990844E-003
 -0.43760123800215817        0.0000000000000000        2.5363715162858296E-003
 -0.36513274426875048        0.0000000000000000        2.1214829251815152E-003
 -0.30380146011819353        0.0000000000000000        1.8367667549736700E-003
 -0.25063582148932556        0.0000000000000000        1.6322186431751810E-003
 -0.20371474308570606        0.0000000000000000        1.4817550734740554E-003
 -0.16172432736423001        0.0000000000000000        1.3713758439466495E-003
 -0.12372612800855626        0.0000000000000000        1.2944560603910364E-003
  -8.9026494800189815E-002   0.0000000000000000        1.2503149098125402E-003
  -5.7098215556885386E-002   0.0000000000000000        1.2450362955547173E-003
  -2.7531157162430549E-002   0.0000000000000000        1.2948777962103824E-003
   0.0000000000000000        0.0000000000000000        1.0463444574154660E-003
   5.8100000023841858E-003   1.6485690070536636E-002   4.9394810217814303E-004
   1.5890000388026237E-002   2.6612559330691666E-002   4.6968024176858897E-004
   2.9430000111460686E-002   3.5337535984247381E-002   4.9379226531014945E-004
   4.6429999172687531E-002   4.3211004046101516E-002   5.4325934217832694E-004
   6.6890001296997070E-002   5.0332619433119057E-002   6.1042302768279781E-004
   9.0810000896453857E-002   5.6688244347499160E-002   6.8968347112666195E-004
  0.11819000542163849        6.2221779187938121E-002   8.1352600759954552E-004
  0.15175154758154988        6.7203480010675221E-002   9.2760782668147479E-004
  0.18734573866552529        7.0869857021223545E-002   9.9660554149450637E-004
  0.22523475263867893        7.3356721938452482E-002   1.0803947426550869E-003
  0.26573502302545349        7.4723716599925730E-002   1.1809821606458882E-003
  0.30923327660738470        7.4980489550480353E-002   1.3017872461116003E-003
  0.35620910502115744        7.4097379166677663E-002   1.4478079052722768E-003
  0.40726725206536585        7.2007525637732939E-002   1.6262110299915600E-003
  0.46318538389031555        6.8602121097233626E-002   1.8474483197151472E-003
  0.52498688570733221        6.3717346861938418E-002   2.1273078102342947E-003
  0.59405707801640983        5.7107567372183463E-002   2.4908841425691315E-003
  0.67233636624941406        4.8391508770168658E-002   2.9811148437801321E-003
  0.76266397456687707        3.6937854214770083E-002   3.6802753412658673E-003
  0.86943525234227004        2.1598602819327559E-002   4.7815720707734006E-003
   1.0000000000000000        0.0000000000000000        6.1848271790839781E-003
   1.1333333253860474        0.0000000000000000        5.9259785515227512E-003
   1.2666666507720947        0.0000000000000000        5.9816944504828577E-003
   1.3999999761581421        0.0000000000000000        6.1246895800129266E-003
   1.5333333015441895        0.0000000000000000        6.3032809864921697E-003
   1.6666666269302368        0.0000000000000000        6.5013112262587618E-003
   1.7999999523162842        0.0000000000000000        6.7132109122134218E-003
 -0.80000001192092896        3.2996858059433400E-002   5.8809257275926567E-003
 -0.64681988547132385        3.2443378762944355E-002   4.3672316085161342E-003
 -0.53653253565304981        3.2220234172551633E-002   3.2376345633788697E-003
 -0.45029257359157687        3.2228274027977788E-002   2.5893427734875836E-003
 -0.37946558152286342        3.2409563076782520E-002   2.1710861235402275E-003
 -0.31935866628337145        3.2735303925688249E-002   1.8812879415713358E-003
 -0.26713476007826636        3.3198160434361607E-002   1.6710680340126813E-003
 -0.22094652804946779        3.3810995509382116E-002   1.5143600544737818E-003
 -0.17952264070645693        3.4611697058318271E-002   1.3965288618044561E-003
 -0.14194922021400830        3.5676318848995504E-002   1.3095265102170282E-003
 -0.10754545088240700        3.7146440505264000E-002   1.2498599913030853E-003
  -7.5788051151321437E-002   3.9282910610694326E-002   1.2181219436460486E-003
  -4.6262265871337263E-002   4.2570876675977629E-002   1.2199053464430039E-003
  -1.8625927063308886E-002   4.7935387409877322E-002   8.0733521260996409E-004
  -1.1613784894416897E-002   5.0813808193215237E-002   3.8450053667474096E-004
  -4.9464901799903445E-004   5.5714495309775229E-002   4.9576638721684672E-004
   1.4203698764357791E-002   6.1937626176353212E-002   5.7790199627647388E-004
   3.2395665974074263E-002   6.8800693530256973E-002   6.4939759821040777E-004
   5.4007306287006278E-002   7.5711557629569146E-002   7.1946062591353454E-004
   7.8994269854840760E-002   8.2266497005665226E-002   7.9405171687322923E-004
  0.10733966576842040        8.8214514226350141E-002   9.1393918688683381E-004
  0.14170243373648483        9.3750060414480613E-002   1.0231984873767630E-003
  0.17808563404863406        9.8065762692111577E-002   1.0871821290250397E-003
  0.21675084600542951       0.10126008809884812        1.1681287142544026E-003
  0.25802086202399110       0.10338305654642417        1.2676558554972825E-003
  0.30228987795294165       0.10444488933398133        1.3888713972114355E-003
  0.35004439539943677       0.10442160323291629        1.5365984629851059E-003
  0.40189489831126801       0.10325620984068080        1.7179430018655956E-003
  0.45862312326506399       0.10085519029630302        1.9433837303961272E-003
  0.52125400281023115        9.7078980082708377E-002   2.2287964559252215E-003
  0.59117013346214242        9.1723275090169656E-002   2.5993558762221276E-003
  0.67030129379120995        8.4485079096268761E-002   3.0977767130777071E-003
  0.76146017035655922        7.4905846113846472E-002   3.8042031919167741E-003
  0.86898123864105525        6.2324046148877592E-002   4.8956257478420901E-003
   1.0000758807240453        4.6490029230220491E-002   6.0962284772117887E-003
   1.1333532466609915        4.4801322707029849E-002   6.0194390878611547E-003
   1.2666711000145605        4.5266003513367126E-002   6.0887885419667149E-003
   1.4000003121461309        4.6316699706751049E-002   6.2263154631618011E-003
   1.5333328781311202        4.7620834717534900E-002   6.3955927973051710E-003
   1.6666663234258325        4.9065096293514153E-002   6.5827246047585782E-003
   1.7999999523162842        5.0607821107218905E-002   6.7822273529877615E-003
 -0.80000001192092896        6.7354327439881345E-002   5.8523309057392078E-003
 -0.65328832652034874        6.6342806206060062E-002   4.3911435214377551E-003
 -0.54665455100344396        6.5919309487351987E-002   3.2862306122070084E-003
 -0.46279985529831952        6.5912020288931505E-002   2.6415271235428702E-003
 -0.39367599138121173        6.6215638047745232E-002   2.2204140849976530E-003
 -0.33485601016138700        6.6772966971312436E-002   1.9255369757066982E-003
 -0.28364014297186635        6.7560463419703273E-002   1.7091839456691777E-003
 -0.23825906217735235        6.8581956478076064E-002   1.5452782687184023E-003
 -0.19748909680236107        6.9868236516934745E-002   1.4184150296985033E-003
 -0.16044723651844528        7.1481360473856212E-002   1.3188520975804432E-003
 -0.12647374489978572        7.3523232591248835E-002   1.2398246915208597E-003
  -9.5060585058679925E-002   7.6147532532614470E-002   1.1756774400218154E-003
  -6.5804928778261856E-002   7.9571193992818437E-002   1.1198680680308683E-003
  -3.8375807479277275E-002   8.4073287351611736E-002   7.0229907842004301E-004
  -3.0208341989796859E-002   8.5858162039865418E-002   4.0863728923729530E-004
  -1.7779626574664642E-002   8.8916491357295693E-002   5.4781690729697476E-004
  -1.7810391962447196E-003   9.3201808142075251E-002   6.5499034999922062E-004
   1.7662653106703938E-002   9.8516316228803802E-002   7.4429430275386966E-004
   4.0464548739052274E-002  0.10445446735829009        8.2334994001887656E-004
   6.6567093181263595E-002  0.11055983136309663        9.0002677370594345E-004
   9.5942882373486374E-002  0.11644566789528220        1.0202260651486616E-003
  0.13116345752922329       0.12218860006102961        1.1266848681519683E-003
  0.16837668911010209       0.12691728429682178        1.1866505971286933E-003
  0.20785647658741510       0.13065448129411059        1.2653254609541567E-003
  0.24993371486967980       0.13341387572328853        1.3641463114431489E-003
  0.29501003768652345       0.13519024120811129        1.4860721042433299E-003
  0.34357881254817135       0.13595577947051732        1.6358386163480732E-003
  0.39625639888410219       0.13565757378753282        1.8205355610187131E-003
  0.45382884546112406       0.13421364224658133        2.0506918305494798E-003
  0.51732289628160866       0.13150592022860758        2.3422791098953346E-003
  0.58811865604249269       0.12736856530323723        2.7205363735656341E-003
  0.66813549638572745       0.12157109643218020        3.2278795588862588E-003
  0.76016003205408278       0.11380672354999023        3.9421245217466710E-003
  0.86846769876465224       0.10378094021217643        5.0248098523604165E-003
   1.0001373078103701        9.2228024005555673E-002   6.0596375946505004E-003
   1.1333719106847973        9.0315607257040117E-002   6.1179425309143103E-003
   1.2666754542963963        9.1338591948173731E-002   6.2021711579640258E-003
   1.4000006050942631        9.3396449650910776E-002   6.3341110104263784E-003
   1.5333323992209031        9.5934118437184357E-002   6.4927801753576339E-003
   1.6666659833535127        9.8740710967549647E-002   6.6671466264498604E-003
   1.7999999523162842       0.10173311474359566        6.8519595641296643E-003
 -0.80000001192092896       0.10318946294204860        5.8342232178745746E-003
 -0.65951820162081531       0.10184583157862427        4.4230068989233994E-003
 -0.55653139668227036       0.10127185494589783        3.3410238816167412E-003
 -0.47510834185371320       0.10124941594068289        2.6998055026053016E-003
 -0.40774565518483086       0.10163765837839142        2.2757643939702930E-003
 -0.35027443394277358       0.10235417545550737        1.9755822860801991E-003
 -0.30013256404628741       0.10335610271916769        1.7528402629479903E-003
 -0.25563125286420224       0.10462927191263341        1.5817366695669607E-003
 -0.21559772038716785       0.10618261627864356        1.4466895909781374E-003
 -0.17918345202007213       0.10804542329687662        1.3375611010767660E-003
 -0.14575380508977906       0.11026552375135715        1.2471763987451662E-003
 -0.11482052114513515       0.11290628376519526        1.1698702130019875E-003
  -8.5998167897077357E-002  0.11603919450296710        1.1005213603362137E-003
  -5.8974282559000286E-002  0.11972675064125267        7.1284627155297623E-004
  -4.9629620304437586E-002  0.12123612179248619        4.5522535200365400E-004
  -3.5850431586063464E-002  0.12366421563215083        6.0673087758225284E-004
  -1.8480332172488692E-002  0.12700681607162212        7.2878247915876332E-004
   2.2864663066546232E-003  0.13125381057353119        8.3361129204027494E-004
   2.6334269287828393E-002  0.13624019502222853        9.2531002590747380E-004
   5.3597828792974277E-002  0.14166938568723059        1.0099377578458102E-003
   8.4049013626665434E-002  0.14719713178498839        1.1356013555203046E-003
  0.12016697642138933       0.15285545080407997        1.2429986582588818E-003
  0.15824720362449268       0.15776679740061797        1.3010811630086365E-003
  0.19857689775230974       0.16187084580331046        1.3786859920029407E-003
  0.24149617713509913       0.16513191883722877        1.4775999501610488E-003
  0.28741425885504251       0.16751787629721265        1.6009110411344756E-003
  0.33683125136938435       0.16898865982029707        1.7534196141452537E-003
  0.39036932737481500       0.16948949047830011        1.9422848595865118E-003
  0.44881890446517009       0.16894563000733712        2.1781357452642014E-003
  0.51320867686095062       0.16725695765181189        2.4770635261760912E-003
  0.58491643469061894       0.16429197877989976        2.8643558336151260E-003
  0.66585136661946132       0.15988477505538429        3.3820260608510315E-003
  0.75877444654632287       0.15385609647458659        4.1053514533472462E-003
  0.86790311536716958       0.14617575187486653        5.1823281663996067E-003
   1.0001826862143970       0.13798390179431252        6.1098812764554360E-003
   1.1333873875539131       0.13661459626761416        6.2304844065634909E-003
   1.2666791112029154       0.13831191279935603        6.3286058656963759E-003
   1.4000006727669212       0.14133183500023047        6.4539669739865557E-003
   1.5333318069844000       0.14501298643395935        6.5993715663741270E-003
   1.6666655889587916       0.14907194728482703        6.7573511913080779E-003
   1.7999999523162842       0.15338657627877708        6.9231423918765557E-003
 -0.80000001192092896       0.14063509602015500        5.8269148317914854E-003
 -0.66552406212383375       0.13910574085683683        4.4620859188546332E-003
 -0.56616186667308965       0.13845192792477878        3.4010115250286375E-003
 -0.48720614556546071       0.13843438699604466        2.7629339861722632E-003
 -0.42165742406665147       0.13888936086635523        2.3359141103616210E-003
 -0.36559379294923894       0.13971491011590043        2.0304144877499627E-003
 -0.31658867165412979       0.14085047641240830        1.8013710222233982E-003
 -0.27303437198991026       0.14226345305319549        1.6234522599696303E-003
 -0.23381030589080107       0.14394073504116778        1.4812174168979931E-003
 -0.19810381092537999       0.14588291819206267        1.3646006274168254E-003
 -0.16530646140640523       0.14809946945906555        1.2666188096953021E-003
 -0.13495047188348697       0.15060360041479134        1.1821302701969451E-003
 -0.10666774864435444       0.15340574465151932        1.1071480528351554E-003
  -8.0162407502052030E-002  0.15650464187593810        7.4576685721716815E-004
  -6.9612621079043049E-002  0.15789410624996478        5.1794608030738816E-004
  -5.4482808894443964E-002  0.16002953434906136        6.7949063355444311E-004
  -3.5734390955994330E-002  0.16288334693298367        8.1122544346789169E-004
  -1.3622690037412059E-002  0.16647576783764048        9.2718445604781752E-004
   1.1701106009444929E-002  0.17074879556401662        1.0302683318888887E-003
   4.0157048844760977E-002  0.17554110934759976        1.1246282619142782E-003
   7.1715001157806740E-002  0.18061038860046499        1.2587321413709525E-003
  0.10875579882634955       0.18600623730333510        1.3706358511870432E-003
  0.14773193830246520       0.19091689026076913        1.4296238764605264E-003
  0.18894175809899266       0.19522506448238688        1.5080160529542875E-003
  0.23273412505222665       0.19885113230433304        1.6083130713945989E-003
  0.27952553336644531       0.20173368802532374        1.7340065239290164E-003
  0.32982249003321290       0.20381602565829141        1.8901449932877592E-003
  0.38425270633669628       0.20503715037661999        2.0840740432823222E-003
  0.44361082242688904       0.20532566855935883        2.3265937502637262E-003
  0.50892745855226174       0.20459559002144240        2.6339497401068773E-003
  0.58157815486867437       0.20274486482723417        3.0314709470107989E-003
  0.66346205127754720       0.19966284280382149        3.5607009023583798E-003
  0.75731469596803080       0.19527304439981527        4.2943603981562993E-003
  0.86729558867108436       0.18972629424697549        5.3690537231402954E-003
   1.0002127887146659       0.18428170093282753        6.2217175381931019E-003
   1.1333987666154914       0.18383260823132525        6.3626943733387890E-003
   1.2666816967509957       0.18628679713498350        6.4687037388059480E-003
   1.4000004043967662       0.19021102141212409        6.5851909142518161E-003
   1.5333310737337065       0.19492530326587512        6.7145707455764673E-003
   1.6666651348900745       0.20010039015573242        6.8528137284988907E-003
   1.7999999523162842       0.20557922198785472        6.9958225328051460E-003
 -0.80000001192092896       0.17984284034627077        5.8308896029084321E-003
 -0.67131995476349327       0.17828378342520945        4.5078088827721820E-003
 -0.57554837329988162       0.17763441841455446        3.4652894618403362E-003
 -0.49908536195227460       0.17765708484763990        2.8297546316036633E-003
 -0.43539675667909700       0.17817797987079859        2.3996662876584461E-003
 -0.38079465120388045       0.17908302293251810        2.0889491295206807E-003
 -0.33298382374003382       0.18029868910536825        1.8538715782680333E-003
 -0.29043655915890587       0.18177807260330664        1.6696566182263940E-003
 -0.25208427603985195       0.18349163103940283        1.5211307362448699E-003
 -0.21715010941518850       0.18542077799004389        1.3984232424440535E-003
 -0.18505157139648098       0.18755301236294755        1.2947885803124158E-003
 -0.15534063305411647       0.18987779291965115        1.2054347141581864E-003
 -0.12766510785845772       0.19238271782858263        1.1268681450106700E-003
 -0.10174287955438621       0.19504983502615292        7.9069523236867368E-004
  -8.9952639351162031E-002  0.19637943085988152        5.9322498828916746E-004
  -7.3477828507570467E-002  0.19835024218993941        7.6507298937554091E-004
  -5.3368446771057163E-002  0.20091763487662309        9.0511764257958198E-004
  -2.9924368667934281E-002  0.20409768019407085        1.0298852264055670E-003
  -3.3261407117895539E-003  0.20786924457978478        1.1425510076027525E-003
   2.6330016573660318E-002  0.21214654718624384        1.2464399239197649E-003
   5.9008702779446844E-002  0.21677388806257780        1.3899992483595773E-003
   9.6982687115514637E-002  0.22183474259724661        1.5088582482608087E-003
  0.13687310279769746       0.22662487946756152        1.5714545789057960E-003
  0.17898597799824714       0.23100583323525287        1.6527881841030252E-003
  0.22367720217782605       0.23487150815119198        1.7561219326347676E-003
  0.27136955265057083       0.23813772700597696        1.8854974968346646E-003
  0.32257521845170622       0.24073208124601381        2.0463575582278072E-003
  0.37792690323416017       0.24258584737961217        2.2463482527257383E-003
  0.43822308740584831       0.24362838275666679        2.4965180384291150E-003
  0.50449608823815328       0.24378438088163124        2.8133067137564413E-003
  0.57811908579562665       0.24297606612536440        3.2220817923808843E-003
  0.66098112364483663       0.24113818485309257        3.7638736056101996E-003
  0.75579220151850357       0.23827338636310574        4.5089335408608549E-003
  0.86665302227698215       0.23464888417523880        5.5844920235400032E-003
   1.0002297420607418       0.23150624531772596        6.3801658958659536E-003
   1.1334059923460758       0.23212598251265912        6.5159246727828002E-003
   1.2666831089609145       0.23536623200726853        6.6223459703875828E-003
   1.3999997859888182       0.24011607479343686        6.7268154488281627E-003
   1.5333302126012167       0.24573221977680532        6.8373851160656472E-003
   1.6666646321562772       0.25186326236440454        6.9529014434376313E-003
   1.7999999523162842       0.25832244866211573        7.0700455967602919E-003
 -0.80000001192092896       0.22098674003005300        5.8467570568154137E-003
 -0.67692076168178172       0.21955248815293116        4.5598305306691570E-003
 -0.58469789547714202       0.21899773538316886        3.5331553093293140E-003
 -0.51074346308463914       0.21910576860714429        2.8992987465915800E-003
 -0.44895355972462681       0.21970502670137393        2.4659565473949029E-003
 -0.39586053151214889       0.22067743436120890        2.1501430556487094E-003
 -0.34929494392315058       0.22194272967859832        1.9093579152371699E-003
 -0.30780668463851285       0.22344561889232201        1.7193710209458383E-003
 -0.27037801231154790       0.22514698237108688        1.5652889940439992E-003
 -0.23626705988835731       0.22701790285555315        1.4374257046673878E-003
 -0.20491647584204839       0.22903547134855440        1.3291988732470998E-003
 -0.17589699286502231       0.23117973170724701        1.2359859259111370E-003
 -0.14887097428314644       0.23343140692167844        1.1544651648038942E-003
 -0.12356807877285697       0.23577022792199859        8.4512068357667171E-004
 -0.11049360048293608       0.23707231371764870        6.8060472618741350E-004
  -9.2675220683384393E-002  0.23894249640476981        8.6291137616677682E-004
  -7.1227110606949376E-002  0.24132667559403420        1.0109047813754992E-003
  -4.6478363238671432E-002  0.24423279774717363        1.1435087709695192E-003
  -1.8628522200960090E-002  0.24765097605082223        1.2645858605026500E-003
   1.2214134378738252E-002  0.25153292610983979        1.3773561269903689E-003
   4.6008869384406327E-002  0.25578024311304759        1.5303085539200806E-003
   8.4909990672498672E-002  0.26050148982586369        1.6574339527465492E-003
  0.12572053900040425       0.26510842223544184        1.7258676283266774E-003
  0.16875012888103713       0.26946856120380325        1.8122506458419024E-003
  0.21435908083191216       0.27346871333072431        1.9204337604963601E-003
  0.26297479105745580       0.27701318737994884        2.0549992303766783E-003
  0.31511396637016981       0.28001916795366766        2.2218449135796240E-003
  0.37141343191401793       0.28241174172810524        2.4289930308018970E-003
  0.43267485424287161       0.28412024268224872        2.6878021082361188E-003
  0.49993177292857410       0.28507748385658960        3.0149393913619319E-003
  0.57455466362390084       0.28522503726428938        3.4358067822832998E-003
  0.65842216268333231       0.28453328222391028        3.9908918643748251E-003
  0.75421818876572977       0.28306252098759183        4.7481103238242823E-003
  0.86598306463026342       0.28114780863423966        5.8270089778308855E-003
   1.0002364123360596       0.27995300302472120        6.5751177352283124E-003
   1.1334096445797042       0.28164987728348589        6.6890853628510201E-003
   1.2666835017069080       0.28564919391610510        6.7886105244488156E-003
   1.3999989047183106       0.29112059771099541        6.8775613412596377E-003
   1.5333292805372265       0.29748670118659076        6.9666521861190562E-003
   1.6666641092172776       0.30439266152484806        7.0569079706227751E-003
   1.7999999523162842       0.31162796753059352        7.1458592245704014E-003
 -0.80000001192092896       0.26426800857646687        5.8752199135505096E-003
 -0.68234317849423265       0.26310063366118253        4.6180884301884962E-003
 -0.59362287442482109       0.26272844503326170        3.6042044446734081E-003
 -0.52218474476466314       0.26297082504348185        2.9708898231998104E-003
 -0.46232427986362351       0.26366940134755135        2.5339633837792612E-003
 -0.41078058662437361       0.26471006618413767        2.2131172922977057E-003
 -0.36550376859569023       0.26601226915460457        1.9669199948148153E-003
 -0.32511821889315429       0.26751829518952158        1.7716179920888131E-003
 -0.28865532178947217       0.26918559207618764        1.6125533369599726E-003
 -0.25540708193988698       0.27098157146921359        1.4801727599382136E-003
 -0.22484037663682135       0.27288008833544258        1.3679810057292141E-003
 -0.19654382519721209       0.27485904909720338        1.2714170551833034E-003
 -0.17019337869269813       0.27689879980080956        1.1871969387463935E-003
 -0.14552930554845869       0.27898107156938828        9.0830643363812129E-004
 -0.13111756928613938       0.28027690280679290        7.8066955151557594E-004
 -0.11194961396904250       0.28208506589502663        9.7314532050754186E-004
  -8.9181835010990057E-002  0.28434658919960470        1.1287651071711763E-003
  -6.3159680859612696E-002  0.28706273906827157        1.2686768424209798E-003
  -3.4091356086183057E-002  0.29022650686876672        1.3974620777777347E-003
  -2.0904591567216689E-003  0.29380805519655018        1.5185301114554991E-003
   3.2799992915735744E-002  0.29774383643992519        1.6803516789102543E-003
   7.2606752431606109E-002  0.30215363137252299        1.8162447603557684E-003
  0.11433018307189047       0.30655469215930348        1.8922072026869873E-003
  0.15827963144750984       0.31083444224073647        1.9854891214089103E-003
  0.20481695547451487       0.31488709384682262        2.1002922435680829E-003
  0.25437207293201902       0.31861675944780332        2.2416255789662908E-003
  0.30746465778080506       0.32193749291244600        2.4158151452031498E-003
  0.36473446509840846       0.32477193089254741        2.6312760023580691E-003
  0.42698540972738908       0.32705034103510716        2.8997035182317141E-003
  0.49525150698484510       0.32871220996974237        3.2380057963859654E-003
  0.57089990373879573       0.32971416955906119        3.6716055469695162E-003
  0.65579819371524950       0.33005314750465081        4.2404226499506963E-003
  0.75260324217936958       0.32982838181102986        5.0101789236021970E-003
  0.86529287163004609       0.32940717071952019        6.0940430047077805E-003
   1.0002359396896354       0.32985276740809089        6.7988803431097179E-003
   1.1334106974286320       0.33254505001169354        6.8796895484397429E-003
   1.2666832226385556       0.33722496090087117        6.9658783966233349E-003
   1.3999979317870250       0.34328749395705177        7.0358670572010073E-003
   1.5333283721923523       0.35023248395941742        7.1010884328528518E-003
   1.6666636095654355       0.35771523788704029        7.1640948027018383E-003
   1.7999999523162842       0.36550791171158248        7.2233148903926821E-003
 -0.80000001192092896       0.30992093947891780        5.9170607490498552E-003
 -0.68760622827841744       0.30913995360518837        4.6828452080705822E-003
 -0.60234176163610431       0.30902801208353642        3.6784052707305999E-003
 -0.53342148629288055       0.30945113980711492        3.0442289570011480E-003
 -0.47551387080999902       0.31027308913099166        2.6032043433507944E-003
 -0.42555233907307072       0.31139070445351419        2.2772681271753504E-003
 -0.38160026187883367       0.31272891098927064        2.0258554248225066E-003
 -0.34235318662852482       0.31423268163313089        1.8255819275270412E-003
 -0.30688970306750185       0.31586079872374007        1.6619548240172008E-003
 -0.27453448434394773       0.31758151878322877        1.5254948963429305E-003
 -0.24477779479486969       0.31936962791247631        1.4097362244723931E-003
 -0.21722547392771374       0.32120445703745937        1.3101213273865725E-003
 -0.19156646222696139       0.32306855386935163        1.2233506336873114E-003
 -0.16755103573021785       0.32494680105928853        9.8017539575269950E-004
 -0.15173906400283921       0.32625277906694555        8.9445704196397708E-004
 -0.13120690236826218       0.32802569682935001        1.0963127673733909E-003
 -0.10713200767257214       0.33020438682284781        1.2589903592912916E-003
  -7.9865174588085008E-002  0.33278522573336061        1.4056734076244198E-003
  -4.9614127433495282E-002  0.33576149159938889        1.5416023736811381E-003
  -1.6490685346037745E-002  0.33911281413844147        1.6704544048865848E-003
   1.9464546915957368E-002  0.34279659770287091        1.8403963508781844E-003
   6.0143199053041371E-002  0.34693281545303895        1.9850449956786117E-003
  0.10276035732818654       0.35112766077163693        2.0697774380875520E-003
  0.14762228912944175       0.35529227479015035        2.1714658746509233E-003
  0.19508982923639265       0.35933612827556549        2.2944686521762757E-003
  0.24559327980721310       0.36317152825345300        2.4440752083046023E-003
  0.29965354559388285       0.36671626514870842        2.6269538126601241E-003
  0.35791189116367145       0.36989506585266263        2.8518725822964659E-003
  0.42117329616490662       0.37264120942565565        3.1308468847859503E-003
  0.49047123948907728       0.37490041681073200        3.4810093173191013E-003
  0.56716861592396095       0.37664092542850863        3.9277728882370043E-003
  0.65312098538325136       0.37787821075395150        4.5104610006362917E-003
  0.75095675337883538       0.37873474858521378        5.2927266228297194E-003
  0.86458874526458007       0.37958447819606261        6.3823015370685640E-003
   1.0002313283535347       0.38138417545241743        7.0450117204923866E-003
   1.1334102699928006       0.38493020538388867        7.0844793271076659E-003
   1.2666827187814342       0.39016847160402823        7.1520178976385070E-003
   1.3999970866515890       0.39666703134143794        7.1999675583816307E-003
   1.5333276051019613       0.40400333203048738        7.2393532294077433E-003
   1.6666631859044920       0.41185205068619762        7.2737312967327741E-003
   1.7999999523162842       0.41997479631449353        7.3024630347703892E-003
 -0.80000001192092896       0.35822059561069730        5.9731649546417524E-003
 -0.69273136315366202       0.35791406391237524        4.7547241846107278E-003
 -0.61087915440888563       0.35812213300320667        3.7561536980706754E-003
 -0.54447469413583571       0.35876334390127329        3.1194575000669687E-003
 -0.48853743243966358       0.35973000381324949        2.6736098425418123E-003
 -0.44018424371616632       0.36093533606515854        2.3423561927770897E-003
 -0.39758598854336785       0.36231426895763891        2.0857762724959331E-003
 -0.35950614725010283       0.36381831882128124        1.8807292359315411E-003
 -0.32506864497024235       0.36541092206346748        1.7128076800801712E-003
 -0.29362969408205108       0.36706399968929648        1.5725499566432368E-003
 -0.26470223423114714       0.36875555031288332        1.4534763993744560E-003
 -0.23790885242720725       0.37046798973265477        1.3510000856034158E-003
 -0.21295114162387002       0.37218700935112103        1.2617830797482799E-003
 -0.18958912154300750       0.37390078451287484        1.0610673609974211E-003
 -0.17230323876848364       0.37523092880957087        1.0233531675786067E-003
 -0.15038312474841886       0.37698881562618225        1.2332573763821338E-003
 -0.12500578598132425       0.37911270863948326        1.4020766136544527E-003
  -9.6517426632355352E-002  0.38159544993189770        1.5547882134419402E-003
  -6.5117326011403964E-002  0.38442986848273841        1.6972105621587512E-003
  -3.0908939497067075E-002  0.38760077217653716        1.8332817147270061E-003
   6.0746688316954348E-003  0.39107844149262755        2.0103954661845904E-003
   4.7583554578125395E-002  0.39497594866496327        2.1634358027424611E-003
   9.1066081539475208E-002  0.39897259950738845        2.2578332487005687E-003
  0.13682397418127223       0.40300160465685791        2.3690862840318166E-003
  0.18521526510437891       0.40699015271705358        2.5015886563675830E-003
  0.23666885619085368       0.41086337238948983        2.6607813057845141E-003
  0.29170523334624782       0.41454775618307305        2.8535674685353780E-003
  0.35096568844552967       0.41797415556413486        3.0889902635076322E-003
  0.41525493280090509       0.42108122261897718        3.3793287933310190E-003
  0.48560468079180796       0.42382109926216249        3.7418915267113670E-003
  0.56337237119198025       0.42617098248473495        4.2020300394344928E-003
  0.65040018828096757       0.42815818183089449        4.7984321316015223E-003
  0.74928627169504258       0.42991572781806431        5.5927755440775490E-003
  0.86387569309418577       0.43180610747420722        6.6879891789864863E-003
   1.0002250656555198       0.43468064077440632        7.3078119205882419E-003
   1.1334093809567087       0.43889805383217656        7.2998599431461442E-003
   1.2666824246712034       0.44453732759440623        7.3446157108472063E-003
   1.3999965886674226       0.45129575936602989        7.3680214286439838E-003
   1.5333270984176361       0.45882294092588172        7.3801376540570179E-003
   1.6666628917844828       0.46681884021718684        7.3851463671266914E-003
   1.7999999523162842       0.47504154996097359        7.3833592663050526E-003
 -0.80000001192092896       0.40949288222846125        6.0445603568957413E-003
 -0.69774224494313697       0.40971000710054167        4.8347248144222782E-003
 -0.61926553218358482       0.41027298050256383        3.8382935033984132E-003
 -0.55537436380113359       0.41115424165209402        3.1971821796852344E-003
 -0.50142134840313946       0.41227829180334041        2.7455585713240470E-003
 -0.45469779735605054       0.41357825399640746        2.4085564686185572E-003
 -0.41347711561928957       0.41500208092953250        2.1466739945103001E-003
 -0.37658789263228193       0.41651033784062003        1.9368819787351449E-003
 -0.34319774319926749       0.41807313841866750        1.7647766058924716E-003
 -0.31269345409093469       0.41966763228471432        1.6208605299307688E-003
 -0.28461008010580019       0.42127614486835563        1.4986049776966577E-003
 -0.25858664070519083       0.42288484536810289        1.3933707814484809E-003
 -0.23433721610837069       0.42448280036146757        1.3017686513658766E-003
 -0.21163149611270562       0.42606129366956008        1.1517284136889337E-003
 -0.19278653782930219       0.42742752574659459        1.1691603017925482E-003
 -0.16944538676567691       0.42918539668885669        1.3851821500031830E-003
 -0.14276188096180503       0.43127376582328086        1.5588225971439468E-003
 -0.11306812798624365       0.43368291864976843        1.7165179402141781E-003
  -8.0547825589522157E-002  0.43640510816950967        1.8645678873885102E-003
  -4.5290166524098216E-002  0.43942818557013547        2.0071295730580692E-003
  -7.3157287541167392E-003  0.44273064487110808        2.1902213893663872E-003
   3.4978236868553447E-002  0.44641447781957200        2.3509953716677068E-003
   7.9292098622774795E-002  0.45021936006024077        2.4556728552644984E-003
  0.12592277878051422       0.45409682948783692        2.5773168704388352E-003
  0.17522464933408405       0.45799095160608111        2.7202955815288183E-003
  0.22762402621194899       0.46184111096963526        2.8901086116931408E-003
  0.28363965392454982       0.46558513438840093        3.0937934186705865E-003
  0.34391149660581716       0.46916272898929728        3.3405745624604209E-003
  0.40924264781295855       0.47251983381065898        3.6429125164610570E-003
  0.48066170165162936       0.47561535002117333        4.0182163126694327E-003
  0.55951921198603194       0.47843340944001034        4.4917039533183415E-003
  0.64764233536032234       0.48100773643986955        5.1013749327716270E-003
  0.74759679354688513       0.48347203594865973        5.9069879957731036E-003
  0.86315696163630173       0.48616478795796109        7.0070638751154948E-003
   1.0002187790198214       0.48983502964790837        7.5821503672040156E-003
   1.1334087248937845       0.49451406019237532        7.5222221072612141E-003
   1.2666826499376269       0.50037054109628798        7.5412016959349893E-003
   1.3999966046948509       0.50719644269414688        7.5382408196075692E-003
   1.5333269489321473       0.51470550956617767        7.5222414884290262E-003
   1.6666627721517406       0.52262665082318749        7.4977600073279282E-003
   1.7999999523162842       0.53072156324113695        7.4660539229467774E-003
 -0.80000001192092896       0.46412774744764801        6.1325182704225628E-003
 -0.70266431534767126       0.46487290545118504        4.9242618167649336E-003
 -0.62753667032132154       0.46579471006628742        3.9261381553539094E-003
 -0.56615927555830625       0.46691670347909869        3.2784904566050296E-003
 -0.51420383846881190       0.46819634296084062        2.8198957913304766E-003
 -0.46912899898152177       0.46958812843538111        2.4764853516940585E-003
 -0.42930675453453732       0.47105448650866405        2.2089562027637700E-003
 -0.39362852342758448       0.47256624688126891        1.9942599633400236E-003
 -0.36130428544866472       0.47410113040945873        1.8179152174104252E-003
 -0.33175064720760333       0.47564215633714169        1.6703374333660423E-003
 -0.30452437297166363       0.47717634314722512        1.5449160431949003E-003
 -0.27928072546400046       0.47869372722273201        1.4369394919576603E-003
 -0.25574621800049746       0.48018663967507563        1.3429557324518364E-003
 -0.23370024023736627       0.48164917056089374        1.2533966664216621E-003
 -0.21319874448151341       0.48305977353371338        1.3342639473067036E-003
 -0.18839407349905485       0.48482622428375549        1.5537955052273580E-003
 -0.16039222802284417       0.48688912806681678        1.7304820624184766E-003
 -0.12950163337853512       0.48923701844804990        1.8917567977883754E-003
  -9.5883706860733428E-002  0.49186169915925942        2.0442789245668338E-003
  -5.9608036993784252E-002  0.49475298325347400        2.1923614543137081E-003
  -2.0678156252095844E-002  0.49789484920152999        2.3799444970988588E-003
   2.2356150520546847E-002  0.50137580791349567        2.5475086566739639E-003
   6.7465376758429396E-002  0.50498646581114615        2.6628298892598669E-003
  0.11494222000499740       0.50869264852895169        2.7953777863722025E-003
  0.16513733321275847       0.51245290210176753        2.9494701175660459E-003
  0.21847390875830267       0.51622017916547336        3.1306063750027595E-003
  0.27546808397219091       0.51994424840811659        3.3458772725870065E-003
  0.33675741345232874       0.52357488786227713        3.6045980891813698E-003
  0.40314213751822819       0.52706637111212207        3.9193183783224070E-003
  0.47564635070196587       0.53038446129182748        4.3074568895282014E-003
  0.55561214773349299       0.53351857897883426        4.7940115048999846E-003
  0.64484975915998932       0.53650460474143125        5.4162283726838035E-003
  0.74589005157293164       0.53946948715652021        6.2319678369543155E-003
  0.86243360680506420       0.54271917571739958        7.3355647851406610E-003
   1.0002129606579357       0.54690377684327374        7.8635232260572379E-003
   1.1334084943805083       0.55181722364260266        7.7482459215070087E-003
   1.2666834848681967       0.55768883415229398        7.7394970565790519E-003
   1.3999972026306089       0.56437888993839158        7.7090546558179693E-003
   1.5333272089926890       0.57165678087963767        7.6646767583290511E-003
   1.6666628545786464       0.57928256565181424        7.6111388632799717E-003
   1.7999999523162842       0.58702855799102416        7.5506126655880091E-003
 -0.80000001192092896       0.52259752945017235        6.2386585745286558E-003
 -0.70752431907218716       0.52382550974947473        5.0251960987440086E-003
 -0.63573293794297769       0.52507384495548670        4.0214740879695289E-003
 -0.57687653557315410       0.52641052961273804        3.3649400857042613E-003
 -0.52693510447953473       0.52782392844530968        2.8979195791909097E-003
 -0.48352928632455805       0.52928937642096463        2.5471899661299539E-003
 -0.44512671945772714       0.53078371644802458        2.2734410992339680E-003
 -0.41067994746107495       0.53228809721150783        2.0534786384404356E-003
 -0.37944033496921609       0.53378787163698482        1.8726633762294624E-003
 -0.35085376959824693       0.53527187256595232        1.7212720469382248E-003
 -0.32449846224386847       0.53673166196968147        1.5925790535928099E-003
 -0.30004583010794134       0.53816090526105897        1.4817792888757360E-003
 -0.27723484004812377       0.53955488454030787        1.3853448946384780E-003
 -0.25585466931642903       0.54091012405283379        1.3679362051716344E-003
 -0.23358616552837613       0.54236625385025983        1.5218707072616495E-003
 -0.20726625204554025       0.54414000695471765        1.7415143997915939E-003
 -0.17792573837842088       0.54617523193232176        1.9189555640584969E-003
 -0.14583926978222506       0.54845954389879470        2.0819979336068259E-003
 -0.11113936233356723       0.55098461577073221        2.2374999745928478E-003
  -7.3870992514323719E-002  0.55374173471841315        2.3898446483903600E-003
  -3.4016458670289934E-002  0.55671876601526571        2.5801073670520618E-003
   9.7171176720499686E-003  0.55998937222537071        2.7532291964032676E-003
   5.5587404925430052E-002  0.56338839455713674        2.8793154208938457E-003
  0.10388388677264056       0.56689234994562165        3.0229792183868735E-003
  0.15495397860513857       0.57047141546751334        3.1884802824340198E-003
  0.20921774706715326       0.57409030354269730        3.3812834989705321E-003
  0.26718831145313515       0.57770993397991355        3.6084738467134867E-003
  0.32950007002273973       0.58129007209976724        3.8793800713979544E-003
  0.39694937522266455       0.58479343802773842        4.2065523640791918E-003
  0.47055450760940154       0.58819233363237200        4.6073254985100620E-003
  0.55164746214144644       0.59148000794335542        5.1063855380547706E-003
  0.64201946529207299       0.59469120609548010        5.7401531553385133E-003
  0.74416385474056468       0.59794072181626623        6.5645829833287511E-003
  0.86170416006174222       0.60149635088450948        7.6699327996480335E-003
   1.0002068005460500       0.60591214736511079        8.1481786790625881E-003
   1.1334082752285368       0.61082328023919474        7.9751303254844055E-003
   1.2666847421424268       0.61649704439458752        7.9376012761311517E-003
   1.3999983206387661       0.62284230194972812        7.8792200377099178E-003
   1.5333278708563627       0.62967614995202648        7.8067193515093877E-003
   1.6666631428791232       0.63679115362321870        7.7250026728450105E-003
   1.7999999523162842       0.64397693894233810        7.6370966942457749E-003
 -0.80000001192092896       0.58548135779628430        6.3651521823537950E-003
 -0.71234967720912434       0.58709338395023436        5.1399477913988099E-003
 -0.64389827634802588       0.58859511927049668        4.1266242287374341E-003
 -0.58758057676108189       0.59008873319191069        3.4585898789888624E-003
 -0.53967671175225251       0.59158879329582981        2.9813912081592150E-003
 -0.49796553072160882       0.59308903657752743        2.6221466022092860E-003
 -0.46100824518319272       0.59457929288610778        2.3413489741946208E-003
 -0.42781733011908146       0.59605007288106682        2.1155361063806481E-003
 -0.39768485015608429       0.59749363744022832        1.9298307269959426E-003
 -0.37008560909763993       0.59890402859604486        1.7743170684231143E-003
 -0.34461910819131897       0.60027681280144907        1.6421181494820508E-003
 -0.32097289978991778       0.60160878531683137        1.5283107020359673E-003
 -0.29889847343731984       0.60289770880908822        1.4292745142466957E-003
 -0.27819491788131362       0.60414209636745386        1.4980253662101757E-003
 -0.25403565853160320       0.60563187431623333        1.7363331695069459E-003
 -0.22614017969917896       0.60739595393363666        1.9517366767978887E-003
 -0.19543326023861973       0.60938352622501890        2.1270416499033062E-003
 -0.16214475278134025       0.61158230692497695        2.2895830253789411E-003
 -0.12637141370049346       0.61398436690736136        2.4462024435461414E-003
  -8.8128712667592105E-002  0.61658237903445934        2.6012353282555876E-003
  -4.7373810922856377E-002  0.61936720540356838        2.7920271083719571E-003
  -2.9755878192552253E-003  0.62239696777656983        2.9691865200471269E-003
   4.3626568917426681E-002  0.62554601173805846        3.1059222858894841E-003
   9.2720020505864906E-002  0.62879859691647977        3.2606229791077002E-003
  0.14464966912767055       0.63213380849873801        3.4374893850032629E-003
  0.19983278704749899       0.63552591700437022        3.6419328871339931E-003
  0.25877941592763321       0.63894544898097738        3.8809929577154900E-003
  0.32212035980986625       0.64236120333395019        4.1639521970174660E-003
  0.39064727231100527       0.64574371948378939        4.5032859681813754E-003
  0.46537141645361429       0.64907111277866703        4.9161595089789855E-003
  0.54761303082153701       0.65233910759842506        5.4268602561934132E-003
  0.63914212169950124       0.65557881395210460        6.0709121956871821E-003
  0.74241160373523896       0.65888909724653777        6.9023409445909201E-003
  0.86096448008098847       0.66249603607108298        8.0073710833787736E-003
   1.0001981746210877       0.66685991658713151        8.4333257362887055E-003
   1.1334070421459062       0.67152884307000837        8.2008235678808234E-003
   1.2666859503314241       0.67678718491075174        8.1341829673152281E-003
   1.3999997600624372       0.68257774999345844        8.0479467956172581E-003
   1.5333288611552132       0.68875846751928493        7.9479781460179231E-003
   1.6666636144383820       0.69515529364346862        7.8392538752011329E-003
   1.7999999523162842       0.70158136149218397        7.7255736325533581E-003
 -0.80000001192092896       0.65350066910082982        6.5150195403342768E-003
 -0.71716767169902762       0.65534079361456454        5.2717129393081491E-003
 -0.65207877428118488       0.65697778084482916        4.2446012500802852E-003
 -0.59833150768521370       0.65853414891011874        3.5620994156321689E-003
 -0.55250009310061410       0.66004349016382591        3.0725913096255148E-003
 -0.51251901639194797       0.66151379983484870        2.7032819881228792E-003
 -0.47704168205451936       0.66294526092489403        2.4142961721035721E-003
 -0.44513966218365220       0.66433592787511475        2.1817867598863997E-003
 -0.41614520275490274       0.66568362506465850        1.9905566665933401E-003
 -0.38956171986585908       0.66698655328906753        1.8304392088054190E-003
 -0.36500986116189815       0.66824342767104228        1.6943635618971622E-003
 -0.34219329297674617       0.66945345452851734        1.5772571934843224E-003
 -0.32087609883581369       0.67061626059622648        1.4753848275949075E-003
 -0.30086741544730689       0.67173181188767173        1.6473988297979244E-003
 -0.27468128580999945       0.67322110487521414        1.9835769679020904E-003
 -0.24514295987950135       0.67493408206453243        2.1891955796430216E-003
 -0.21303592549287548       0.67682805144542091        2.3587670771144562E-003
 -0.17853291663694112       0.67889210967213443        2.5180310649808228E-003
 -0.14168758463871409       0.68111946823027658        2.6735134312189986E-003
 -0.10248097674735726       0.68350438609115549        2.8293364453990523E-003
  -6.0841479770053608E-002  0.68604029106097097        3.0181628425802877E-003
  -1.5803901610825444E-002  0.68876967693562829        3.1975586824853565E-003
   3.1509719698742625E-002  0.69160277081674648        3.3445991232818237E-003
   8.1385492871382581E-002  0.69452926707776985        3.5099718502539239E-003
  0.13416649742608350       0.69753482667172662        3.6978224896834768E-003
  0.19026765816406885       0.70060114546306518        3.9135012868331456E-003
  0.25019608366201163       0.70370658875425529        4.1639785307188149E-003
  0.31457877208629142       0.70682763843676177        4.4584491370758313E-003
  0.38420205519981465       0.70994162841277442        4.8092556709528750E-003
  0.46006907646316586       0.71303155164973631        5.2333238838725782E-003
  0.54348664401802993       0.71609441189858269        5.7544692441298751E-003
  0.63620117941071797       0.71915587084021182        6.4072575292739809E-003
  0.74062201907398983       0.72229637431054261        7.2437596883981378E-003
  0.86020784270436057       0.72569815607614219        8.3461847741509877E-003
   1.0001838358980064       0.72972942192841239        8.7173447877272742E-003
   1.1334032771458524       0.73391802470458989        8.4242087347767437E-003
   1.2666864089431737       0.73854370245737200        8.3286269443549853E-003
   1.4000012064148515       0.74357238860177510        8.2149882497507872E-003
   1.5333300474359082       0.74889718211814604        8.0884381096492080E-003
   1.6666642219399290       0.75437806265396545        7.9539885866035526E-003
   1.7999999523162842       0.75985724358663709        7.8161150558648460E-003
 -0.80000001192092896       0.72756927462273269        6.6926925670421546E-003
 -0.72200367527746068       0.72942104469119584        5.4249547475228822E-003
 -0.66031949884295349       0.73102622467490841        4.3795075915895017E-003
 -0.60919099921885889       0.73251024571721968        3.6790356915452553E-003
 -0.56548199214260619       0.73391626015825029        3.1745364837499667E-003
 -0.52728097047841749       0.73526087822953334        2.7931052068218155E-003
 -0.49333264704257995       0.73655098733081825        2.4943502153093829E-003
 -0.46276703314406453       0.73778966317197725        2.2539308523834485E-003
 -0.43495599724335421       0.73897845117683214        2.0562489824645686E-003
 -0.40943109301155689       0.74011830306834547        1.8908239849657550E-003
 -0.38583374257067293       0.74120996708547071        1.7503403543042996E-003
 -0.36388348149489946       0.74225415080746493        1.6295341245351799E-003
 -0.34335688633171002       0.74325158645036649        1.5245197990356673E-003
 -0.32407318392137802       0.74420305032676082        1.8211322926220005E-003
 -0.29571586031647701       0.74562133720071255        2.2716432367196034E-003
 -0.26446441298072276       0.74720451069191940        2.4604364943672644E-003
 -0.23092025303818656       0.74892118989834933        2.6198699957685955E-003
 -0.19518503131689868       0.75076332410290203        2.7725505595193973E-003
 -0.15726142989772945       0.75272613269145094        2.9242589604228145E-003
 -0.11709129429049969       0.75480581066254526        3.0786620703798849E-003
  -7.4571142328122536E-002  0.75699817058655250        3.2626755475784028E-003
  -2.8906055157585618E-002  0.75933072828053616        3.4422183353476827E-003
   1.9112192596512947E-002  0.76174609615521038        3.5989815426384405E-003
   6.9768824565351634E-002  0.76423767782827967        3.7743579486090029E-003
  0.12340554701623115       0.76679588280133060        3.9724522764406529E-003
  0.18043534932584729       0.76940805242039523        4.1985580917062457E-003
  0.24136264604898466       0.77205879826650126        4.4595670580534104E-003
  0.30681056135899593       0.77473097121995993        4.7645612841194689E-003
  0.37755960202659339       0.77740766778089521        5.1257106786570519E-003
  0.45460372701209073       0.78007590381673075        5.5596506968670148E-003
  0.53923455176907820       0.78273307957814087        6.0896708813280012E-003
  0.63317231277659747       0.78539826203079066        6.7493349634350011E-003
  0.73877923276515078       0.78813201493900076        7.5887447726619211E-003
  0.85942537490727733       0.79107156872420048        8.6861158211215730E-003
   1.0001598612294296       0.79449405619545865        9.0000110534741041E-003
   1.1333952255849475       0.79796938883882096        8.6452741703819027E-003
   1.2666853067711301       0.80174877653151833        8.5211664373787983E-003
   1.4000022781983592       0.80581331359520392        8.3807250240636611E-003
   1.5333312566289568       0.81008679743259715        8.2285030984996840E-003
   1.6666648994215714       0.81446372645736675        8.0695120041898941E-003
   1.7999999523162842       0.81882029559633729        7.9087973372806656E-003
 -0.80000001192092896       0.80886932432085878        6.9051239131171999E-003
 -0.72687718030813009       0.81045372401813265        5.6064907449407172E-003
 -0.66865729661484452       0.81180804095745673        4.5374982036413998E-003
 -0.62021238017648961       0.81303954216737417        3.8146867020611556E-003
 -0.57869243431650463       0.81418945524079755        3.2916275037233934E-003
 -0.54233919509443229       0.81527614898422385        2.8951758683940141E-003
 -0.50998835883046501       0.81630880080350043        2.5843075441869048E-003
 -0.48082793953405967       0.81729248562978041        2.3341004387348011E-003
 -0.45426874983483623       0.81823029241360312        2.1284902323963112E-003
 -0.42986956797641995       0.81912428363876022        1.9566314050200677E-003
 -0.40729151248420759       0.81997595584777738        1.8109190386261407E-003
 -0.38626885900197794       0.82078647533546889        1.6858523205914592E-003
 -0.36658965388675907       0.82155680706115075        1.5773432175029654E-003
 -0.34808250148926456       0.82228778821402115        2.0257639124626596E-003
 -0.31741541977358539       0.82350617192459119        2.6112139240571236E-003
 -0.28438735296377327       0.82482457108132201        2.7744504983465514E-003
 -0.24937048690517444       0.82622563280464822        2.9186104506384921E-003
 -0.21238020992460113       0.82770544602580953        3.0610010726349790E-003
 -0.17336077824142340       0.82926191630316770        3.2060183678123749E-003
 -0.13221131189067309       0.83089339054822586        3.3565170244457838E-003
  -8.8795057991746043E-002  0.83259786326704988        3.5324524106500007E-003
  -4.2493109325330264E-002  0.83438954604735860        3.7096682268905165E-003
   6.2440816523447133E-003  0.83623886259047664        3.8752438255821803E-003
   5.7700564707119803E-002  0.83814175364331867        4.0595548515328251E-003
  0.11221693259712832       0.84009213266471849        4.2667045919122862E-003
  0.17020470888153727       0.84208175915749850        4.5019482870144187E-003
  0.23216600079535471       0.84410038338948123        4.7720992520083518E-003
  0.29872012225630667       0.84613632673800487        5.0861123366753016E-003
  0.37064129765902248       0.84817779981711638        5.4559593417946063E-003
  0.44891314934273147       0.85021540676704799        5.8979535526043816E-003
  0.53481008789613460       0.85224660060231028        6.4348273591157109E-003
  0.63002313761278150       0.85428342658772360        7.0991229887971494E-003
  0.73686327230629567       0.85636596117841668        7.9389823970680753E-003
  0.85860689905819343       0.85858588466964436        9.0286802885331790E-003
   1.0001224177250676       0.86112935689695691        9.2827378323106780E-003
   1.1333812915486425       0.86366525057221499        8.8652806666639009E-003
   1.2666818941321245       0.86638964652210304        8.7130120657253410E-003
   1.4000025978224346       0.86929307446148640        8.5462505041514064E-003
   1.5333323030759782       0.87232667424282462        8.3690441961653764E-003
   1.6666655718634451       0.87541986594144461        8.1863607605319050E-003
   1.7999999523162842       0.87848704641113962        8.0037008249302221E-003
 -0.80000001192092896       0.89896693952471007        7.1642371238138051E-003
 -0.73179256940754767       0.89994588987605351        5.8280759748055811E-003
 -0.67710404183660811       0.90077848611748002        4.7292006281464396E-003
 -0.63141662197498727       0.90152977183322447        3.9782919636318645E-003
 -0.59216336480702048       0.90222624081588454        3.4316534991483596E-003
 -0.55773958380387623       0.90288049999300057        3.0158183497999455E-003
 -0.52707301906828730       0.90349926589616747        2.6890303483141239E-003
 -0.49941061445460427       0.90408644069627409        2.4257171653384261E-003
 -0.47420254931220884       0.90464444315417103        2.2093170525544076E-003
 -0.45103450218516550       0.90517483911101149        2.0286244683210474E-003
 -0.42958599299656952       0.90567865798079095        1.8757839831645532E-003
 -0.40960352679831713       0.90615656025887603        1.7451298961700210E-003
 -0.39088260995965923       0.90660892910840563        1.6324770229275503E-003
 -0.37325538233419947       0.90703591889629531        2.2676752757512424E-003
 -0.34019831748482160       0.90783170329874341        3.0149426983852984E-003
 -0.30536325693464389       0.90866516211853499        3.1434489982169952E-003
 -0.26884601503871197       0.90953278948319272        3.2675407762844345E-003
 -0.23056567654667467       0.91043475074855762        3.3962127709677896E-003
 -0.19040650501839865       0.91137130709800152        3.5316447568442240E-003
 -0.14822677299822290       0.91234247862665352        3.6754733418490940E-003
 -0.10385991272420812       0.91334784262440416        3.8393047627738475E-003
  -5.6873708640369593E-002  0.91439150382354906        4.0108525447124363E-003
  -7.3688876039271914E-003  0.91546451142225838        4.1835911238959599E-003
   4.4937637999783848E-002  0.91656478797124674        4.3750485632509384E-003
  0.10038656206866167       0.91768919935068782        4.5893806654192871E-003
  0.15938924498566989       0.91883343232799630        4.8318081392327711E-003
  0.22244641039905061       0.91999202551902637        5.1090496929464329E-003
  0.29017384761220522       0.92115863735257697        5.4299109874639062E-003
  0.36333897507996654       0.92232671438400660        5.8061451972357047E-003
  0.44291360437771043       0.92349079647847443        6.2537283303475142E-003
  0.53015237807373150       0.92464884700412620        6.7948302378899690E-003
  0.62671332485717979       0.92580626964428070        7.4609831574375717E-003
  0.73485109897530676       0.92698277475065483        8.2984132679119887E-003
  0.85774233938353772       0.92822427478684866        9.3775647632060172E-003
   1.0000689521572201       0.92962487836656660        9.5689046305787503E-003
   1.1333605528451414       0.93100138888615946        9.0869746179841355E-003
   1.2666756855636827       0.93246598965870520        8.9065217587184220E-003
   1.4000018734600561       0.93401487814206774        8.7134922179146600E-003
   1.5333330218003798       0.93562423929113725        8.5114784913446710E-003
   1.6666661669006375       0.93725871468918642        8.3053496308888742E-003
   1.7999999523162842       0.93887436466329199        8.1009104911728066E-003
 -0.80000001192092896        1.0000000000000000        7.3876391000104449E-003
 -0.73671983996231249        1.0000000000000000        6.0244663002200416E-003
 -0.68561331052692087        1.0000000000000000        4.9030604832705207E-003
 -0.64274381350459553        1.0000000000000000        4.1276622262192853E-003
 -0.60582105935443697        1.0000000000000000        3.5590891481439568E-003
 -0.57339441231284416        1.0000000000000000        3.1242778272712662E-003
 -0.54448679269204148        1.0000000000000000        2.7810674368657193E-003
 -0.51840862700751456        1.0000000000000000        2.5033793271767926E-003
 -0.49465509020417942        1.0000000000000000        2.2742010767308153E-003
 -0.47284544395239320        1.0000000000000000        2.0819556043436835E-003
 -0.45268545193790127        1.0000000000000000        1.9184859829314792E-003
 -0.43394301858563133        1.0000000000000000        1.7778804093973345E-003
 -0.41643181641912164        1.0000000000000000        1.6557494106516294E-003
 -0.40000000596046448        1.0000000000000000        2.5051489200846539E-003
 -0.36481760291219056        1.0000000000000000        3.4468880816200783E-003
 -0.32825685717684094        1.0000000000000000        3.5471397786395087E-003
 -0.29020534775868773        1.0000000000000000        3.6547006386871599E-003
 -0.25053632570080264        1.0000000000000000        3.7704328321450523E-003
 -0.20910613930622959        1.0000000000000000        3.8953869402236349E-003
 -0.16575110110024438        1.0000000000000000        4.0308425929193930E-003
 -0.12028363147819798        1.0000000000000000        4.1783709696114656E-003
  -7.2487271089635319E-002   1.0000000000000000        4.3398298157513145E-003
  -2.2110502658379994E-002   1.0000000000000000        4.5177075828578932E-003
   3.1141273910500089E-002   1.0000000000000000        4.7150284980921296E-003
   8.7616216622295018E-002   1.0000000000000000        4.9356351926209026E-003
  0.14772970325362134        1.0000000000000000        5.1844835286046879E-003
  0.21198310799505538        1.0000000000000000        5.4680423300682247E-003
  0.28098910320379100        1.0000000000000000        5.7948535326400015E-003
  0.35550731258338975        1.0000000000000000        6.1763588762363941E-003
  0.43649542267431007        1.0000000000000000        6.6281152131839631E-003
  0.52518465033881867        1.0000000000000000        7.1716531523827245E-003
  0.62319497503554544        1.0000000000000000        7.8374215393057570E-003
  0.73271827274426826        1.0000000000000000        8.6696678161098904E-003
  0.85682385949105977        1.0000000000000000        9.7349875590441882E-003
   1.0000000000000000        1.0000000000000000        9.8596254569264848E-003
   1.1333333253860474        1.0000000000000000        9.3106457802140420E-003
   1.2666666507720947        1.0000000000000000        9.1017119833144752E-003
   1.3999999761581421        1.0000000000000000        8.8822369301250880E-003
   1.5333333015441895        1.0000000000000000        8.6553139559880973E-003
   1.6666666269302368        1.0000000000000000        8.4256666434376973E-003
   1.7999999523162842        1.0000000000000000        8.1993053618147297E-003
