VARIABLES = "X" "Y" "Ja"
ZONE I=  41    J=   19
 -0.80000001192092896        0.0000000000000000        1.9181704389089975E-003
 -0.72000001072883602        0.0000000000000000        1.9181704389089947E-003
 -0.64000000953674319        0.0000000000000000        1.9181704389089947E-003
 -0.56000000834465025        0.0000000000000000        1.9181704389089954E-003
 -0.48000000715255736        0.0000000000000000        1.9181704389089947E-003
 -0.40000000596046448        0.0000000000000000        1.9181704389089954E-003
 -0.32000000476837154        0.0000000000000000        1.9181704389089947E-003
 -0.24000000357627871        0.0000000000000000        1.9181704389089947E-003
 -0.16000000238418577        0.0000000000000000        1.9181704389089960E-003
  -8.0000001192092829E-002   0.0000000000000000        1.9181704389089947E-003
   0.0000000000000000        0.0000000000000000        1.7443555397235629E-003
   5.0000000000000003E-002   4.4602089554664957E-002   1.3655930776387834E-003
  0.10000000000000001        5.8722143818967620E-002   1.2030626679347272E-003
  0.15000000000000002        6.6983760864784622E-002   1.1568323839073644E-003
  0.20000000000000001        7.1846641918802551E-002   1.1310987970869410E-003
  0.25000000000000000        7.4334200719891608E-002   1.1163501912942204E-003
  0.30000000000000004        7.5019308835821752E-002   1.1088212949813376E-003
  0.35000000000000003        7.4275505767019634E-002   1.1064978130971832E-003
  0.40000000000000002        7.2368894454773111E-002   1.1081162859741716E-003
  0.45000000000000001        6.9499149665645854E-002   1.1128084333314270E-003
  0.50000000000000000        6.5820350277604772E-002   1.1199473446051092E-003
  0.55000000000000004        6.1452585138372533E-002   1.1290717780187115E-003
  0.60000000000000009        5.6488883819410578E-002   1.1398452635196447E-003
  0.65000000000000002        5.0999586638980257E-002   1.1520323855507065E-003
  0.70000000000000007        4.5035223344168644E-002   1.1654842373408155E-003
  0.75000000000000000        3.8628479001300155E-002   1.1801290856810196E-003
  0.80000000000000004        3.1795577738765200E-002   1.1959661498979501E-003
  0.85000000000000009        2.4537282123169087E-002   1.2130613224262286E-003
  0.90000000000000002        1.6839631126404589E-002   1.2315441439838251E-003
  0.95000000000000007        8.6744956946254725E-003   1.2516056147093681E-003
   1.0000000000000000        4.1681862848033020E-009   1.5946571177225728E-003
   1.0799999952316284        0.0000000000000000        1.9181703116248562E-003
   1.1599999904632567        0.0000000000000000        1.9181702959941641E-003
   1.2399999856948853        0.0000000000000000        1.9181702959941641E-003
   1.3199999809265137        0.0000000000000000        1.9181702959941615E-003
   1.3999999761581421        0.0000000000000000        1.9181702959941615E-003
   1.4799999713897705        0.0000000000000000        1.9181702959941615E-003
   1.5599999666213988        0.0000000000000000        1.9181702959941641E-003
   1.6399999618530274        0.0000000000000000        1.9181702959941615E-003
   1.7199999570846556        0.0000000000000000        1.9181702959941615E-003
   1.7999999523162842        0.0000000000000000        1.9181702959941722E-003
 -0.80000001192092896        2.4614517989953628E-002   1.9991092402100482E-003
 -0.72083334418427614        2.4614517989953628E-002   1.9991092402100482E-003
 -0.64166667644762332        2.4614517989953628E-002   1.9991092402100482E-003
 -0.56250000871097050        2.4614517989953628E-002   1.9991092402100491E-003
 -0.48333334097431763        2.4614517989953628E-002   1.9991092402100482E-003
 -0.40416667323766486        2.4614517989953628E-002   1.9991092402100482E-003
 -0.32500000550101199        2.4614517989953628E-002   1.9991092402100482E-003
 -0.24583333776435923        2.4614517989953628E-002   1.9991092402100482E-003
 -0.16666667002770635        2.4614517989953628E-002   1.9991092402100495E-003
  -8.7500002291053480E-002   2.4614517989953628E-002   1.9991092402100482E-003
  -8.3333345544007176E-003   2.4614517989953628E-002   1.8226415474046043E-003
   4.2499998735470897E-002   6.8118748608885768E-002   1.4411733457107918E-003
   9.3333332025342511E-002   8.1891244543480624E-002   1.2810297441318223E-003
  0.14416666531521413        8.9949505867897253E-002   1.2349931651868694E-003
  0.19499999860508574        9.4692689448728051E-002   1.2093372131322621E-003
  0.24583333189495735        9.7119018188956643E-002   1.1946673307958557E-003
  0.29666666518482898        9.7787262698842164E-002   1.1872454527292850E-003
  0.34749999847470059        9.7061767984058051E-002   1.1850641724625362E-003
  0.39833333176457220        9.5202086990256674E-002   1.1868607165236795E-003
  0.44916666505444380        9.2402979585867961E-002   1.1917653558408091E-003
  0.49999999834431541        8.8814732071545249E-002   1.1991490010738704E-003
  0.55083333163418702        8.4554477365908542E-002   1.2085480385780531E-003
  0.60166666492405874        7.9712955162358934E-002   1.2196236478768808E-003
  0.65249999821393023        7.4358774386128507E-002   1.2321381687661565E-003
  0.70333333150380195        6.8541221018935658E-002   1.2459405846319506E-003
  0.75416666479367345        6.2292175599951732E-002   1.2609571923244754E-003
  0.80499999808354517        5.5627462908467026E-002   1.2771853761092847E-003
  0.85583333137341677        4.8547826740877403E-002   1.2946893193557468E-003
  0.90666666466328827        4.1039649713053149E-002   1.3135969698237617E-003
  0.95749999795315999        3.3075495154249970E-002   1.3340978411821539E-003
   1.0083333312430316        2.4614522055542019E-002   1.6766278780226494E-003
   1.0874999933503569        2.4614517989953628E-002   1.9991091133047486E-003
   1.1666666554576819        2.4614517989953628E-002   1.9991090980587987E-003
   1.2458333175650074        2.4614517989953628E-002   1.9991090980588017E-003
   1.3249999796723326        2.4614517989953628E-002   1.9991090980587987E-003
   1.4041666417796579        2.4614517989953628E-002   1.9991090980587987E-003
   1.4833333038869831        2.4614517989953628E-002   1.9991090980587987E-003
   1.5624999659943084        2.4614517989953628E-002   1.9991090980587987E-003
   1.6416666281016337        2.4614517989953628E-002   1.9991090980587961E-003
   1.7208332902089587        2.4614517989953628E-002   1.9991090980587987E-003
   1.7999999523162842        2.4614517989953628E-002   1.9991090980588100E-003
 -0.80000001192092896        5.0503811701663799E-002   2.0833788815054020E-003
 -0.72166667763971615        5.0503811701663799E-002   2.0833788815053994E-003
 -0.64333334335850345        5.0503811701663799E-002   2.0833788815053994E-003
 -0.56500000907729064        5.0503811701663799E-002   2.0833788815053994E-003
 -0.48666667479607795        5.0503811701663799E-002   2.0833788815053985E-003
 -0.40833334051486520        5.0503811701663799E-002   2.0833788815053998E-003
 -0.33000000623365239        5.0503811701663799E-002   2.0833788815053985E-003
 -0.25166667195243975        5.0503811701663799E-002   2.0833788815053989E-003
 -0.17333333767122691        5.0503811701663799E-002   2.0833788815054007E-003
  -9.5000003390014132E-002   5.0503811701663799E-002   2.0833788815053989E-003
  -1.6666669108801435E-002   5.0503811701663799E-002   1.9052175302753339E-003
   3.4999997470941784E-002   9.2853325723959212E-002   1.5219405634922497E-003
   8.6666664050685016E-002  0.10626026342648026        1.3642885680889502E-003
  0.13833333063042827       0.11410463732066406        1.3184447197948737E-003
  0.18999999721017147       0.11872192434560228        1.2928639447709464E-003
  0.24166666378991469       0.12108385194540432        1.2782735489302401E-003
  0.29333333036965797       0.12173435949005225        1.2709633187045547E-003
  0.34499999694940114       0.12102812131138002        1.2689325953252797E-003
  0.39666666352914437       0.11921780113783546        1.2709189725519572E-003
  0.44833333010888760       0.11649298939917013        1.2760509314854547E-003
  0.49999999668863082       0.11299998340271086        1.2836968859112501E-003
  0.55166666326837410       0.10885280705162750        1.2933905674994168E-003
  0.60333332984811738       0.10413979156942171        1.3047905596915935E-003
  0.65499999642786055        9.8927724820166305E-002   1.3176567476831096E-003
  0.70666666300760372        9.3264584606116169E-002   1.3318358284365426E-003
  0.75833332958734689        8.7181405273160623E-002   1.3472519832984937E-003
  0.80999999616709017        8.0693591569364786E-002   1.3639006448250566E-003
  0.86166666274683346        7.3801867548813752E-002   1.3818441977948841E-003
  0.91333332932657663        6.6492977268534981E-002   1.4012089331120340E-003
  0.96499999590631991        5.8740212299121020E-002   1.4221828384671932E-003
   1.0166666624860630        5.0503815659340791E-002   1.7630794407802052E-003
   1.0949999914690851        5.0503811701663799E-002   2.0833787554342810E-003
   1.1733333204521073        5.0503811701663799E-002   2.0833787405929957E-003
   1.2516666494351294        5.0503811701663799E-002   2.0833787405929957E-003
   1.3299999784181515        5.0503811701663799E-002   2.0833787405929957E-003
   1.4083333074011737        5.0503811701663799E-002   2.0833787405929926E-003
   1.4866666363841956        5.0503811701663799E-002   2.0833787405929926E-003
   1.5649999653672177        5.0503811701663799E-002   2.0833787405929983E-003
   1.6433332943502401        5.0503811701663799E-002   2.0833787405929926E-003
   1.7216666233332618        5.0503811701663799E-002   2.0833787405929926E-003
   1.7999999523162842        5.0503811701663799E-002   2.0833787405930104E-003
 -0.80000001192092896        7.7807169640046123E-002   2.1771383709756607E-003
 -0.72250001115103557        7.7807169640046123E-002   2.1771383709756576E-003
 -0.64500001038114230        7.7807169640046123E-002   2.1771383709756563E-003
 -0.56750000961124902        7.7807169640046123E-002   2.1771383709756568E-003
 -0.49000000884135569        7.7807169640046123E-002   2.1771383709756576E-003
 -0.41250000807146237        7.7807169640046123E-002   2.1771383709756576E-003
 -0.33500000730156904        7.7807169640046123E-002   2.1771383709756568E-003
 -0.25750000653167576        7.7807169640046123E-002   2.1771383709756572E-003
 -0.18000000576178241        7.7807169640046123E-002   2.1771383709756585E-003
 -0.10250000499188905        7.7807169640046123E-002   2.1771383709756572E-003
  -2.5000004221995775E-002   7.7807169640046123E-002   1.9973692342517666E-003
   2.7499995703498405E-002  0.11893889684643075        1.6121292112910002E-003
   7.9999995628992598E-002  0.13196030965326416        1.4570308787489141E-003
  0.13249999555448680       0.13957911366009618        1.4113469676501854E-003
  0.18499999547998097       0.14406362770300474        1.3858199768643485E-003
  0.23749999540547514       0.14635763659446788        1.3713003654188284E-003
  0.28999999533096937       0.14698943838700007        1.3641042890321692E-003
  0.34249999525646357       0.14630350852975105        1.3622362465101601E-003
  0.39499999518195777       0.14454524524731410        1.3644328235587033E-003
  0.44749999510745192       0.14189878717781812        1.3698195666675310E-003
  0.49999999503294612       0.13850622475783403        1.3777614484310392E-003
  0.55249999495844038       0.13447830306173794        1.3877887711285818E-003
  0.60499999488393452       0.12990081329334296        1.3995568925040604E-003
  0.65749999480942867       0.12483862278983501        1.4128227402384361E-003
  0.70999999473492292       0.11933832972169767        1.4274303350222980E-003
  0.76249999466041707       0.11343007602275515        1.4433014557569800E-003
  0.81499999458591132       0.10712882346788793        1.4604293916092494E-003
  0.86749999451140547       0.10043527529055213        1.4788746265254821E-003
  0.91999999443689962        9.3336556730722747E-002   1.4987617772592231E-003
  0.97249999436239387        8.5806727376618028E-002   1.5202773696689851E-003
   1.0249999942878880        7.7807173483917635E-002   1.8593184172759378E-003
   1.1024999900907275        7.7807169640046123E-002   2.1771382458551643E-003
   1.1799999858935672        7.7807169640046123E-002   2.1771382314406530E-003
   1.2574999816964070        7.7807169640046123E-002   2.1771382314406495E-003
   1.3349999774992465        7.7807169640046123E-002   2.1771382314406465E-003
   1.4124999733020860        7.7807169640046123E-002   2.1771382314406495E-003
   1.4899999691049257        7.7807169640046123E-002   2.1771382314406495E-003
   1.5674999649077652        7.7807169640046123E-002   2.1771382314406495E-003
   1.6449999607106049        7.7807169640046123E-002   2.1771382314406495E-003
   1.7224999565134445        7.7807169640046123E-002   2.1771382314406495E-003
   1.7999999523162842        7.7807169640046123E-002   2.1771382314406560E-003
 -0.80000001192092896       0.10668802716870203        2.2820888293264641E-003
 -0.72333334455059628       0.10668802716870203        2.2820888293264606E-003
 -0.64666667718026372       0.10668802716870203        2.2820888293264589E-003
 -0.57000000980993115       0.10668802716870203        2.2820888293264598E-003
 -0.49333334243959853       0.10668802716870203        2.2820888293264606E-003
 -0.41666667506926591       0.10668802716870203        2.2820888293264606E-003
 -0.34000000769893329       0.10668802716870203        2.2820888293264598E-003
 -0.26333334032860073       0.10668802716870203        2.2820888293264602E-003
 -0.18666667295826808       0.10668802716870203        2.2820888293264615E-003
 -0.11000000558793543       0.10668802716870203        2.2820888293264602E-003
  -3.3333338217602870E-002  0.10668802716870203        2.1008293870588930E-003
   1.9999994941883568E-002  0.14653160778117802        1.7134469570025993E-003
   7.3333328101370027E-002  0.15914522131250719        1.5609623485478114E-003
  0.12666666126085649       0.16652542273448268        1.5153964348188003E-003
  0.17999999442034292       0.17086949260249137        1.4898962104808930E-003
  0.23333332757982936       0.17309165866262610        1.4754360626912434E-003
  0.28666666073931585       0.17370367394527036        1.4683564910119534E-003
  0.33999999389880226       0.17303922575848080        1.4666651357518590E-003
  0.39333332705828877       0.17133602704571538        1.4690958678422329E-003
  0.44666666021777518       0.16877244966661775        1.4747698926532383E-003
  0.49999999337726164       0.16548613412763621        1.4830475882751358E-003
  0.55333332653674816       0.16158435723424491        1.4934548855302576E-003
  0.60666665969623457       0.15715022341645768        1.5056431537961194E-003
  0.65999999285572097       0.15224656852275020        1.5193657566222722E-003
  0.71333332601520749       0.14691853138117944        1.5344635707832009E-003
  0.76666665917469390       0.14119530995282584        1.5508556314568242E-003
  0.81999999233418042       0.13509139744582926        1.5685328600829052E-003
  0.87333332549366682       0.12860747507006834        1.5875537252340954E-003
  0.92666665865315323       0.12173107127198184        1.6080411592794103E-003
  0.97999999181263975       0.11443705803098451        1.6301803160470776E-003
   1.0333333249721262       0.10668803089219274        1.9671019779793279E-003
   1.1099999877065418       0.10668802716870203        2.2820887052951064E-003
   1.1866666504409578       0.10668802716870203        2.2820886913320223E-003
   1.2633333131753737       0.10668802716870203        2.2820886913320188E-003
   1.3399999759097894       0.10668802716870203        2.2820886913320188E-003
   1.4166666386442053       0.10668802716870203        2.2820886913320188E-003
   1.4933333013786210       0.10668802716870203        2.2820886913320153E-003
   1.5699999641130367       0.10668802716870203        2.2820886913320188E-003
   1.6466666268474526       0.10668802716870203        2.2820886913320188E-003
   1.7233332895818683       0.10668802716870203        2.2820886913320188E-003
   1.7999999523162842       0.10668802716870203        2.2820886913320253E-003
 -0.80000001192092896       0.13733992116302549        2.4003633329847357E-003
 -0.72416667817367442       0.13733992116302549        2.4003633329847287E-003
 -0.64833334442642010       0.13733992116302549        2.4003633329847287E-003
 -0.57250001067916556       0.13733992116302549        2.4003633329847305E-003
 -0.49666667693191113       0.13733992116302549        2.4003633329847287E-003
 -0.42083334318465671       0.13733992116302549        2.4003633329847296E-003
 -0.34500000943740222       0.13733992116302549        2.4003633329847287E-003
 -0.26916667569014785       0.13733992116302549        2.4003633329847287E-003
 -0.19333334194289337       0.13733992116302549        2.4003633329847309E-003
 -0.11750000819563886       0.13733992116302549        2.4003633329847296E-003
  -4.1666674448384455E-002  0.13733992116302549        2.2177728229061454E-003
   1.2499992168611640E-002  0.17581636325454655        1.8280376564873042E-003
   6.6666658785607763E-002  0.18799717037937225        1.6782227202489053E-003
  0.12083332540260390       0.19512413759143765        1.6327209926248641E-003
  0.17499999201959998       0.19931915094487157        1.6072132429914548E-003
  0.22916665863659610       0.20146506861633068        1.5927978241685977E-003
  0.28333332525359228       0.20205608403763081        1.5858368393269176E-003
  0.33749999187058832       0.20141443482365878        1.5843385027419189E-003
  0.39166665848758447       0.19976967735872475        1.5870318377795992E-003
  0.44583332510458057       0.19729406309269423        1.5930319670214967E-003
  0.49999999172157672       0.19412050972258130        1.6016932537667036E-003
  0.55416665833857282       0.19035261310322985        1.6125361019335386E-003
  0.60833332495556902       0.18607062613209091        1.6252069605274587E-003
  0.66249999157256512       0.18133522859366130        1.6394548906341036E-003
  0.71666665818956121       0.17619001048354677        1.6551170589346460E-003
  0.77083332480655720       0.17066316790363947        1.6721093471072737E-003
  0.82499999142355340       0.16476869676181582        1.6904200437806382E-003
  0.87916665804054961       0.15850725489384360        1.7101054729272045E-003
  0.93333332465754559       0.15186679867811526        1.7312868823994598E-003
  0.98749999127454180       0.14482306230282210        1.7541481777097827E-003
   1.0416666578915379       0.13733992475875342        2.0886339522632660E-003
   1.1174999873340126       0.13733992116302549        2.4003632102088945E-003
   1.1933333167764870       0.13733992116302549        2.4003631967249171E-003
   1.2691666462189617       0.13733992116302549        2.4003631967249206E-003
   1.3449999756614364       0.13733992116302549        2.4003631967249206E-003
   1.4208333051039110       0.13733992116302549        2.4003631967249206E-003
   1.4966666345463857       0.13733992116302549        2.4003631967249171E-003
   1.5724999639888602       0.13733992116302549        2.4003631967249171E-003
   1.6483332934313348       0.13733992116302549        2.4003631967249171E-003
   1.7241666228738093       0.13733992116302549        2.4003631967249206E-003
   1.7999999523162842       0.13733992116302549        2.4003631967249349E-003
 -0.80000001192092896       0.16999431252824906        2.5346752671413114E-003
 -0.72500001157323513       0.16999431252824906        2.5346752671413040E-003
 -0.65000001122554152       0.16999431252824906        2.5346752671413040E-003
 -0.57500001087784769       0.16999431252824906        2.5346752671413057E-003
 -0.50000001053015397       0.16999431252824906        2.5346752671413040E-003
 -0.42500001018246025       0.16999431252824906        2.5346752671413049E-003
 -0.35000000983476648       0.16999431252824906        2.5346752671413040E-003
 -0.27500000948707282       0.16999431252824906        2.5346752671413040E-003
 -0.20000000913937904       0.16999431252824906        2.5346752671413057E-003
 -0.12500000879168527       0.16999431252824906        2.5346752671413049E-003
  -5.0000008443991550E-002  0.16999431252824906        2.3509685203025417E-003
   4.9999914069968066E-003  0.20701430053174535        1.9586311300950590E-003
   5.9999991257985191E-002  0.21873402587852633        1.8115344245719753E-003
  0.11499999110897359       0.22559121501426799        1.7660274351538226E-003
  0.16999999095996193       0.22962743394660151        1.7404683223910587E-003
  0.22499999081095032       0.23169212189942581        1.7260783815453292E-003
  0.27999999066193870       0.23226076553218089        1.7192376244492763E-003
  0.33499999051292706       0.23164340475471618        1.7179515472321397E-003
  0.38999999036391547       0.23006090652175359        1.7209416370270766E-003
  0.44499999021490383       0.22767900202518557        1.7273147563770853E-003
  0.49999999006589224       0.22462557761004387        1.7364174874099892E-003
  0.55499998991688060       0.22100030770294027        1.7477632756118908E-003
  0.60999998976786896       0.21688040737729083        1.7609924989129087E-003
  0.66499998961885742       0.21232425949731099        1.7758490078466558E-003
  0.71999998946984578       0.20737380404046962        1.7921655661998872E-003
  0.77499998932083403       0.20205616979771129        1.8098544047762462E-003
  0.82999998917182249       0.19638482288787437        1.8289008627646436E-003
  0.88499998902281085       0.19036039624557832        1.8493589726249378E-003
  0.93999998887379921       0.18397130213809121        1.8713483120811618E-003
  0.99499998872478768       0.17719419329073743        1.8950517075059120E-003
   1.0499999885757760       0.16999431598786741        2.2267179753674470E-003
   1.1249999849498269       0.16999431252824906        2.5346751458229415E-003
   1.1999999813238775       0.16999431252824906        2.5346751328493770E-003
   1.2749999776979284       0.16999431252824906        2.5346751328493809E-003
   1.3499999740719792       0.16999431252824906        2.5346751328493809E-003
   1.4249999704460301       0.16999431252824906        2.5346751328493809E-003
   1.4999999668200810       0.16999431252824906        2.5346751328493770E-003
   1.5749999631941316       0.16999431252824906        2.5346751328493770E-003
   1.6499999595681825       0.16999431252824906        2.5346751328493770E-003
   1.7249999559422331       0.16999431252824906        2.5346751328493809E-003
   1.7999999523162842       0.16999431252824906        2.5346751328493961E-003
 -0.80000001192092896       0.20493126130677913        2.6885306206338570E-003
 -0.72583334497279584       0.20493126130677913        2.6885306206338487E-003
 -0.65166667802466294       0.20493126130677913        2.6885306206338487E-003
 -0.57750001107652982       0.20493126130677913        2.6885306206338509E-003
 -0.50333334412839681       0.20493126130677913        2.6885306206338487E-003
 -0.42916667718026380       0.20493126130677913        2.6885306206338500E-003
 -0.35500001023213074       0.20493126130677913        2.6885306206338487E-003
 -0.28083334328399778       0.20493126130677913        2.6885306206338487E-003
 -0.20666667633586472       0.20493126130677913        2.6885306206338509E-003
 -0.13250000938773165       0.20493126130677913        2.6885306206338500E-003
  -5.8333342439598646E-002  0.20493126130677913        2.5039975187967967E-003
  -2.5000093546180338E-003  0.24039298839208870        2.1087581477460576E-003
   5.3333323730362613E-002  0.25161940212628764        1.9644158829716062E-003
  0.10916665681534327       0.25818795557047175        1.9188132845028053E-003
  0.16499998990032388       0.26205428027650501        1.8931462555638512E-003
  0.22083332298530450       0.26403206051491207        1.8787564808550143E-003
  0.27666665607028518       0.26457676856051315        1.8720368933299806E-003
  0.33249998915526580       0.26398539399276444        1.8709860126640027E-003
  0.38833332224024647       0.26246950694155841        1.8743143648016197E-003
  0.44416665532522709       0.26018786257169557        1.8811178001868606E-003
  0.49999998841020776       0.25726296418234035        1.8907328977840658E-003
  0.55583332149518838       0.25379029066218278        1.9026643503561268E-003
  0.61166665458016900       0.24984380691526581        1.9165450271999209E-003
  0.66749998766514973       0.24547943832970881        1.9321124380015657E-003
  0.72333332075013035       0.24073735952779479        1.9491940855727429E-003
  0.77916665383511086       0.23564355738398041        1.9676979386767431E-003
  0.83499998692009159       0.23021093119556144        1.9876060042053828E-003
  0.89083332000507220       0.22444008725540690        2.0089698546314596E-003
  0.94666665309005282       0.21831992558650870        2.0319074328673998E-003
   1.0024999861750334       0.21182808165750480        2.0566007170787536E-003
   1.0583333192600142       0.20493126462077377        2.3849769773501162E-003
   1.1324999825656412       0.20493126130677913        2.6885305010210226E-003
   1.2066666458712680       0.20493126130677913        2.6885304885935469E-003
   1.2808333091768951       0.20493126130677913        2.6885304885935508E-003
   1.3549999724825221       0.20493126130677913        2.6885304885935508E-003
   1.4291666357881492       0.20493126130677913        2.6885304885935508E-003
   1.5033332990937762       0.20493126130677913        2.6885304885935469E-003
   1.5774999623994030       0.20493126130677913        2.6885304885935469E-003
   1.6516666257050301       0.20493126130677913        2.6885304885935469E-003
   1.7258332890106569       0.20493126130677913        2.6885304885935508E-003
   1.7999999523162842       0.20493126130677913        2.6885304885935668E-003
 -0.80000001192092896       0.24249401438256105        2.8665385349761177E-003
 -0.72666667837235654       0.24249401438256105        2.8665385349761091E-003
 -0.65333334482378436       0.24249401438256105        2.8665385349761091E-003
 -0.58000001127521195       0.24249401438256105        2.8665385349761112E-003
 -0.50666667772663965       0.24249401438256105        2.8665385349761091E-003
 -0.43333334417806735       0.24249401438256105        2.8665385349761099E-003
 -0.36000001062949499       0.24249401438256105        2.8665385349761091E-003
 -0.28666667708092275       0.24249401438256105        2.8665385349761091E-003
 -0.21333334353235039       0.24249401438256105        2.8665385349761112E-003
 -0.14000000998377804       0.24249401438256105        2.8665385349761099E-003
  -6.6666676435205741E-002  0.24249401438256105        2.6815719783158825E-003
  -1.0000010116232867E-002  0.27628036419126478        2.2830654397444686E-003
   4.6666656202740041E-002  0.28697638981371709        2.1414940275800206E-003
  0.10333332252171296       0.29323461417680258        2.0956771101932835E-003
  0.15999998884068581       0.29691827568256679        2.0698284099610600E-003
  0.21666665515965872       0.29880261636396710        2.0554052341755420E-003
  0.27333332147863165       0.29932158986257928        2.0488066748154932E-003
  0.32999998779760453       0.29875815458584098        2.0480187083319178E-003
  0.38666665411657747       0.29731388510456835        2.0517364835166032E-003
  0.44333332043555035       0.29514003624961005        2.0590413156419251E-003
  0.49999998675452328       0.29235332369328315        2.0692569487675465E-003
  0.55666665307349616       0.28904471545654353        2.0818770440063886E-003
  0.61333331939246905       0.28528468199661267        2.0965251418738496E-003
  0.66999998571144204       0.28112650652560373        2.1129309851127317E-003
  0.72666665203041492       0.27660846562938701        2.1309157380493258E-003
  0.78333331834938769       0.27175531844134349        2.1503823458609438E-003
  0.83999998466836068       0.26657935483584028        2.1713090136818258E-003
  0.89666665098733356       0.26108115246164543        2.1937446588151479E-003
  0.95333331730630644       0.25525013575640226        2.2178056549526730E-003
   1.0099999836252793       0.24906499679345256        2.2436734480187634E-003
   1.0666666499442523       0.24249401753998712        2.5681745189570183E-003
   1.1399999801814555       0.24249401438256105        2.8665384173778073E-003
   1.2133333104186586       0.24249401438256105        2.8665384055374635E-003
   1.2866666406558618       0.24249401438256105        2.8665384055374678E-003
   1.3599999708930650       0.24249401438256105        2.8665384055374678E-003
   1.4333333011302682       0.24249401438256105        2.8665384055374678E-003
   1.5066666313674715       0.24249401438256105        2.8665384055374635E-003
   1.5799999616046745       0.24249401438256105        2.8665384055374635E-003
   1.6533332918418777       0.24249401438256105        2.8665384055374635E-003
   1.7266666220790807       0.24249401438256105        2.8665384055374678E-003
   1.7999999523162842       0.24249401438256105        2.8665384055374852E-003
 -0.80000001192092896       0.28310958475848635        3.0748863640069697E-003
 -0.72750001177191725       0.28310958475848635        3.0748863640069602E-003
 -0.65500001162290578       0.28310958475848635        3.0748863640069602E-003
 -0.58250001147389407       0.28310958475848635        3.0748863640069624E-003
 -0.51000001132488249       0.28310958475848635        3.0748863640069602E-003
 -0.43750001117587090       0.28310958475848635        3.0748863640069602E-003
 -0.36500001102685931       0.28310958475848635        3.0748863640069602E-003
 -0.29250001087784772       0.28310958475848635        3.0748863640069615E-003
 -0.22000001072883607       0.28310958475848635        3.0748863640069624E-003
 -0.14750001057982443       0.28310958475848635        3.0748863640069615E-003
  -7.5000010430812836E-002  0.28310958475848635        2.8900230826048013E-003
  -1.7500010877847708E-002  0.31508439525996929        2.4877967979319866E-003
   3.9999988675117462E-002  0.32520692682473795        2.3489811288098647E-003
   9.7499988228082646E-002  0.33112960089928006        2.3027918825103688E-003
  0.15499998778104776       0.33461575371736507        2.2766639924938679E-003
  0.21249998733401293       0.33639906077921550        2.2621623689427143E-003
  0.26999998688697813       0.33689020822092997        2.2556830144910794E-003
  0.32749998643994327       0.33635698293007849        2.2551919862666904E-003
  0.38499998599290847       0.33499015155473794        2.2593632778157742E-003
  0.44249998554587355       0.33293285902122333        2.2672590900196811E-003
  0.49999998509883881       0.33029556300034035        2.2781866669226410E-003
  0.55749998465180395       0.32716435403599875        2.2916256978511873E-003
  0.61499998420476909       0.32360592413631323        2.3071880532742608E-003
  0.67249998375773434       0.31967069960125044        2.3245938807693639E-003
  0.72999998331069937       0.31539490472218173        2.3436566311707007E-003
  0.78749998286366452       0.31080197110987651        2.3642732615948587E-003
  0.84499998241662977       0.30590352968647355        2.3864175903640997E-003
  0.90249998196959491       0.30070012712866323        2.4101356508563548E-003
  0.95999998152255994       0.29518175490920845        2.4355423575994901E-003
   1.0174999810755252       0.28932824757901715        2.4628190597117444E-003
   1.0749999806284904       0.28310958774661915        2.7827056783011604E-003
   1.1474999777972696       0.28310958475848635        3.0748862488141735E-003
   1.2199999749660491       0.28310958475848635        3.0748862376086808E-003
   1.2924999721348285       0.28310958475848635        3.0748862376086760E-003
   1.3649999693036077       0.28310958475848635        3.0748862376086808E-003
   1.4374999664723873       0.28310958475848635        3.0748862376086808E-003
   1.5099999636411665       0.28310958475848635        3.0748862376086760E-003
   1.5824999608099459       0.28310958475848635        3.0748862376086808E-003
   1.6549999579787253       0.28310958475848635        3.0748862376086760E-003
   1.7274999551475045       0.28310958475848635        3.0748862376086808E-003
   1.7999999523162842       0.28310958475848635        3.0748862376086998E-003
 -0.80000001192092896       0.32731846562910027        3.3220744357313485E-003
 -0.72833334561851293       0.32731846562910027        3.3220744357313485E-003
 -0.65666667931609690       0.32731846562910027        3.3220744357313459E-003
 -0.58500001301368099       0.32731846562910027        3.3220744357313459E-003
 -0.51333334671126496       0.32731846562910027        3.3220744357313485E-003
 -0.44166668040884893       0.32731846562910027        3.3220744357313485E-003
 -0.37000001410643291       0.32731846562910027        3.3220744357313459E-003
 -0.29833334780401699       0.32731846562910027        3.3220744357313464E-003
 -0.22666668150160094       0.32731846562910027        3.3220744357313498E-003
 -0.15500001519918488       0.32731846562910027        3.3220744357313477E-003
  -8.3333348896768911E-002  0.32731846562910027        3.1380567786583771E-003
  -2.5000015662776723E-002  0.35732146766688055        2.7315393031830714E-003
   3.3333317571215521E-002  0.36681976743479205        2.5954143772382128E-003
   9.1666650805207778E-002  0.37237720466555702        2.5486391614115670E-003
  0.14999998403919995       0.37564837495443704        2.5221010185642241E-003
  0.20833331727319221       0.37732170982559138        2.5074595986835000E-003
  0.26666665050718447       0.37778256940422522        2.5010950119715531E-003
  0.32499998374117667       0.37728222681463364        2.5009434637629879E-003
  0.38333331697516898       0.37599968459166278        2.5056501003649320E-003
  0.44166665020916113       0.37406926026365972        2.5142519497557913E-003
  0.49999998344315344       0.37159459984666954        2.5260349260400358E-003
  0.55833331667714570       0.36865648489103908        2.5404608839576029E-003
  0.61666664991113784       0.36531749467164087        2.5571269566267321E-003
  0.67499998314513010       0.36162494582169113        2.5757413089982856E-003
  0.73333331637912236       0.35761282876899181        2.5961078907387010E-003
  0.79166664961311450       0.35330313015410897        2.6181164261917939E-003
  0.84999998284710687       0.34870676364862208        2.6417356038666473E-003
  0.90833331608109902       0.34382424221700530        2.6670083013642359E-003
  0.96666664931509116       0.33864617453345003        2.6940481502929956E-003
   1.0249999825490834       0.33315363870285469        2.7230370096328724E-003
   1.0833333157830756       0.32731846843296225        3.0373573996865023E-003
   1.1549999794363965       0.32731846562910027        3.3220743234482733E-003
   1.2266666430897173       0.32731846562910027        3.3220743129337943E-003
   1.2983333067430383       0.32731846562910027        3.3220743129337943E-003
   1.3699999703963590       0.32731846562910027        3.3220743129337943E-003
   1.4416666340496800       0.32731846562910027        3.3220743129337943E-003
   1.5133332977030007       0.32731846562910027        3.3220743129337891E-003
   1.5849999613563215       0.32731846562910027        3.3220743129337943E-003
   1.6566666250096425       0.32731846562910027        3.3220743129337891E-003
   1.7283332886629630       0.32731846562910027        3.3220743129337943E-003
   1.7999999523162842       0.32731846562910027        3.3220743129338251E-003
 -0.80000001192092896       0.37581863925009606        3.6201257713790428E-003
 -0.72916667857103878       0.37581863925009606        3.6201257713790484E-003
 -0.65833334522114850       0.37581863925009606        3.6201257713790458E-003
 -0.58750001187125844       0.37581863925009606        3.6201257713790458E-003
 -0.51666667852136816       0.37581863925009606        3.6201257713790484E-003
 -0.44583334517147799       0.37581863925009606        3.6201257713790458E-003
 -0.37500001182158782       0.37581863925009606        3.6201257713790458E-003
 -0.30416667847169765       0.37581863925009606        3.6201257713790471E-003
 -0.23333334512180742       0.37581863925009606        3.6201257713790484E-003
 -0.16250001177191720       0.37581863925009606        3.6201257713790471E-003
  -9.1666678422027026E-002  0.37581863925009606        3.4379968963359092E-003
  -3.2500012401077388E-002  0.40365843220061592        3.0264485874350821E-003
   2.6666653619872305E-002  0.41247190688517088        2.8928690280556296E-003
   8.5833319640822012E-002  0.41762865425482348        2.8452130944288372E-003
  0.14499998566177164       0.42066397396828537        2.8180848639995887E-003
  0.20416665168272136       0.42221666180569450        2.8032184558196760E-003
  0.26333331770367108       0.42264429352175659        2.7969600507277122E-003
  0.32249998372462069       0.42218002551014172        2.7972023496352348E-003
  0.38166664974557046       0.42098995426684255        2.8025511898433597E-003
  0.44083331576652007       0.41919871305936013        2.8120102339327380E-003
  0.49999998178746985       0.41690247505140676        2.8248375594012820E-003
  0.55916664780841951       0.41417619746336476        2.8404719976626008E-003
  0.61833331382936918       0.41107794761973904        2.8584918354756608E-003
  0.67749997985031885       0.40765163063609733        2.8785900668183424E-003
  0.73666664587126851       0.40392878623873507        2.9005587630968315E-003
  0.79583331189221818       0.39992981583682669        2.9242787727600267E-003
  0.85499997791316795       0.39566484622890785        2.9497126894529762E-003
  0.91416664393411762       0.39113435339484004        2.9768999067318739E-003
  0.97333330995506717       0.38632962312110170        3.0059530507323133E-003
   1.0324999759760169       0.38123309777658659        3.0370553496882513E-003
   1.0916666419969665       0.37581864185180031        3.3445579134325442E-003
   1.1624999730288983       0.37581863925009606        3.6201256626700097E-003
   1.2333333040608301       0.37581863925009606        3.6201256529136217E-003
   1.3041666350927619       0.37581863925009606        3.6201256529136160E-003
   1.3749999661246934       0.37581863925009606        3.6201256529136217E-003
   1.4458332971566255       0.37581863925009606        3.6201256529136217E-003
   1.5166666281885570       0.37581863925009606        3.6201256529136160E-003
   1.5874999592204888       0.37581863925009606        3.6201256529136217E-003
   1.6583332902524206       0.37581863925009606        3.6201256529136160E-003
   1.7291666212843522       0.37581863925009606        3.6201256529136217E-003
   1.7999999523162842       0.37581863925009606        3.6201256529136442E-003
 -0.80000001192092896       0.42953378150296939        3.9866125467288589E-003
 -0.73000001241763435       0.42953378150296939        3.9866125467288589E-003
 -0.66000001291433974       0.42953378150296939        3.9866125467288554E-003
 -0.59000001341104524       0.42953378150296939        3.9866125467288554E-003
 -0.52000001390775064       0.42953378150296939        3.9866125467288589E-003
 -0.45000001440445603       0.42953378150296939        3.9866125467288589E-003
 -0.38000001490116142       0.42953378150296939        3.9866125467288554E-003
 -0.31000001539786692       0.42953378150296939        3.9866125467288563E-003
 -0.24000001589457229       0.42953378150296939        3.9866125467288597E-003
 -0.17000001639127768       0.42953378150296939        3.9866125467288580E-003
 -0.10000001688798310       0.42953378150296939        3.8078711254281019E-003
  -4.0000017186006390E-002  0.45497776686828501        3.3903080930947019E-003
   1.9999982515970377E-002  0.46303278082941468        3.2589972086805798E-003
   7.9999982217947158E-002  0.46774575426421250        3.2100438311355702E-003
  0.13999998191992385       0.47051986363009890        3.1820725152856364E-003
  0.19999998162190061       0.47193893189264519        3.1668599651679210E-003
  0.25999998132387742       0.47232976292880152        3.1606924542174984E-003
  0.31999998102585409       0.47190544840483545        3.1613999410336165E-003
  0.37999998072783092       0.47081779105939453        3.1675343548716317E-003
  0.43999998042980765       0.46918069860148953        3.1780546222441078E-003
  0.49999998013178448       0.46708206782598460        3.1921819851227669E-003
  0.55999997983376115       0.46459040536372365        3.2093250951094774E-003
  0.61999997953573793       0.46175878144254667        3.2290377399814513E-003
  0.67999997923771471       0.45862732283782010        3.2509933697138661E-003
  0.73999997893969149       0.45522485506328647        3.2749689306614815E-003
  0.79999997864166816       0.45157002384513306        3.3008341669783139E-003
  0.85999997834364494       0.44767208450053114        3.3285442897011191E-003
  0.91999997804562172       0.44353147204796844        3.3581348039964333E-003
  0.97999997774759839       0.43914022219253429        3.3897177665966334E-003
   1.0399999774495752       0.43448228825925117        3.4234790186525857E-003
   1.0999999771515518       0.42953378388077890        3.7224732109041340E-003
   1.1699999746680252       0.42953378150296939        3.9866124424929690E-003
   1.2399999721844983       0.42953378150296939        3.9866124335761859E-003
   1.3099999697009717       0.42953378150296939        3.9866124335761859E-003
   1.3799999672174448       0.42953378150296939        3.9866124335761859E-003
   1.4499999647339181       0.42953378150296939        3.9866124335761859E-003
   1.5199999622503912       0.42953378150296939        3.9866124335761798E-003
   1.5899999597668644       0.42953378150296939        3.9866124335761859E-003
   1.6599999572833377       0.42953378150296939        3.9866124335761798E-003
   1.7299999547998106       0.42953378150296939        3.9866124335761859E-003
   1.7999999523162842       0.42953378150296939        3.9866124335762240E-003
 -0.80000001192092896       0.48972185567915405        4.4483091081039938E-003
 -0.73083334537016020       0.48972185567915405        4.4483091081040007E-003
 -0.66166667881939134       0.48972185567915405        4.4483091081039972E-003
 -0.59250001226862270       0.48972185567915405        4.4483091081039972E-003
 -0.52333334571785384       0.48972185567915405        4.4483091081040007E-003
 -0.45416667916708509       0.48972185567915405        4.4483091081039972E-003
 -0.38500001261631633       0.48972185567915405        4.4483091081039972E-003
 -0.31583334606554758       0.48972185567915405        4.4483091081039990E-003
 -0.24666667951477877       0.48972185567915405        4.4483091081040007E-003
 -0.17750001296400997       0.48972185567915405        4.4483091081039990E-003
 -0.10833334641324122       0.48972185567915405        4.2751697947780373E-003
  -4.7500013924307055E-002  0.51248132716994066        3.8502357680322646E-003
   1.3333318564627161E-002  0.51968648225763869        3.7206951528699359E-003
   7.4166651053561392E-002  0.52390220487286765        3.6698364092113320E-003
  0.13499998354249554       0.52638362679316497        3.6406546105619739E-003
  0.19583331603142975       0.52765297368207364        3.6249182385872207E-003
  0.25666664852036403       0.52800256938012957        3.6188151274456118E-003
  0.31749998100929816       0.52762302293044105        3.6200845152770909E-003
  0.37833331349823246       0.52665012084808682        3.6272033821199944E-003
  0.43916664598716659       0.52518575280241664        3.6390696134305585E-003
  0.49999997847610089       0.52330854187735831        3.6548547549574120E-003
  0.56083331096503508       0.52107976678728163        3.6739270777095562E-003
  0.62166664345396916       0.51854689848927871        3.6958078333090153E-003
  0.68249997594290346       0.51574583011042308        3.7201447278315857E-003
  0.74333330843183765       0.51270234587629127        3.7466949980201835E-003
  0.80416664092077184       0.50943312426187426        3.7753141590712255E-003
  0.86499997340970614       0.50594644408530032        3.8059482629744334E-003
  0.92583330589864032       0.50224269446764191        3.8386284162557661E-003
  0.98666663838757440       0.49831475140138332        3.8734668007282670E-003
   1.0474999708765087       0.49414826124512673        3.9106537228423286E-003
   1.1083333033654428       0.48972185780608846        4.1987819360264529E-003
   1.1774999682605269       0.48972185567915405        4.4483090095981167E-003
   1.2466666331556111       0.48972185567915405        4.4483090016221149E-003
   1.3158332980506953       0.48972185567915405        4.4483090016221079E-003
   1.3849999629457792       0.48972185567915405        4.4483090016221149E-003
   1.4541666278408636       0.48972185567915405        4.4483090016221149E-003
   1.5233332927359475       0.48972185567915405        4.4483090016221079E-003
   1.5924999576310317       0.48972185567915405        4.4483090016221149E-003
   1.6616666225261159       0.48972185567915405        4.4483090016221079E-003
   1.7308332874211998       0.48972185567915405        4.4483090016221149E-003
   1.7999999523162842       0.48972185567915405        4.4483090016221435E-003
 -0.80000001192092896       0.55815958725403625        5.0481623001775644E-003
 -0.73166667921675577       0.55815958725403625        5.0481623001775644E-003
 -0.66333334651258258       0.55815958725403625        5.0481623001775600E-003
 -0.59500001380840950       0.55815958725403625        5.0481623001775600E-003
 -0.52666668110423631       0.55815958725403625        5.0481623001775644E-003
 -0.45833334840006312       0.55815958725403625        5.0481623001775626E-003
 -0.39000001569588999       0.55815958725403625        5.0481623001775600E-003
 -0.32166668299171686       0.55815958725403625        5.0481623001775626E-003
 -0.25333335028754367       0.55815958725403625        5.0481623001775644E-003
 -0.18500001758337048       0.55815958725403625        5.0481623001775644E-003
 -0.11666668487919729       0.55815958725403625        4.8840230133834006E-003
  -5.5000018709236070E-002  0.57786659291220188        4.4497635914317610E-003
   6.6666474607252196E-003  0.58410540351633689        4.3211043835445044E-003
   6.8333313630686524E-002  0.58775571980180963        4.2674170749810499E-003
  0.12999997980064773       0.58990433717385138        4.2364691946475850E-003
  0.19166664597060903       0.59100344118125447        4.2199378641055345E-003
  0.25333331214057031       0.59130614963397266        4.2138530789222082E-003
  0.31499997831053156       0.59097750737905130        4.2158209888136355E-003
  0.37666664448049292       0.59013508944990234        4.2242120276899412E-003
  0.43833331065045417       0.58886712022779875        4.2378386725448521E-003
  0.49999997682041553       0.58724167798777704        4.2558036142764403E-003
  0.56166664299037672       0.58531182283588123        4.2774195852907015E-003
  0.62333330916033802       0.58311865899636339        4.3021633866206230E-003
  0.68499997533029933       0.58069326566447688        4.3296478151786675E-003
  0.74666664150026052       0.57805796892453043        4.3596036474294669E-003
  0.80833330767022171       0.57522721035971947        4.3918676001236737E-003
  0.86999997384018313       0.57220815844562867        4.4263740107101509E-003
  0.93166664001014432       0.56900115011500141        4.4631489230682834E-003
  0.99333330618010562       0.56560001682141670        4.5023057799957189E-003
   1.0549999723500669       0.56199233001211280        4.5440422193844471E-003
   1.1166666385200281       0.55815958909570940        4.8178801707562348E-003
   1.1849999698996538       0.55815958725403625        5.0481622092321604E-003
   1.2533333012792793       0.55815958725403625        5.0481622023258793E-003
   1.3216666326589048       0.55815958725403625        5.0481622023258793E-003
   1.3899999640385303       0.55815958725403625        5.0481622023258958E-003
   1.4583332954181563       0.55815958725403625        5.0481622023258958E-003
   1.5266666267977818       0.55815958725403625        5.0481622023258793E-003
   1.5949999581774073       0.55815958725403625        5.0481622023258793E-003
   1.6633332895570327       0.55815958725403625        5.0481622023258793E-003
   1.7316666209366582       0.55815958725403625        5.0481622023258958E-003
   1.7999999523162842       0.55815958725403625        5.0481622023259287E-003
 -0.80000001192092896       0.63747294875204519        5.8598237097541922E-003
 -0.73250001216928162       0.63747294875204519        5.8598237097542017E-003
 -0.66500001241763418       0.63747294875204519        5.8598237097541974E-003
 -0.59750001266598696       0.63747294875204519        5.8598237097541974E-003
 -0.53000001291433951       0.63747294875204519        5.8598237097542017E-003
 -0.46250001316269218       0.63747294875204519        5.8598237097541974E-003
 -0.39500001341104485       0.63747294875204519        5.8598237097541974E-003
 -0.32750001365939752       0.63747294875204519        5.8598237097541974E-003
 -0.26000001390775018       0.63747294875204519        5.8598237097542008E-003
 -0.19250001415610277       0.63747294875204519        5.8598237097542017E-003
 -0.12500001440445541       0.63747294875204519        5.7101659387358622E-003
  -6.2500015447536736E-002  0.65364241275779511        5.2635936524492210E-003
  -1.6490617996134382E-008  0.65876131439369390        5.1341967516818328E-003
   6.2499982466300757E-002  0.66175637405985377        5.0762020978081671E-003
  0.12499998142321943       0.66351929998893633        5.0426016338984119E-003
  0.18749998038013815       0.66442110734590110        5.0248390996668318E-003
  0.24999997933705692       0.66466947757095529        5.0186901975021849E-003
  0.31249997829397558       0.66439982883771331        5.0215603012959990E-003
  0.37499997725089446       0.66370863066080854        5.0316632144759782E-003
  0.43749997620781311       0.66266827054457211        5.0476875563127896E-003
  0.49999997516473194       0.66133460625029272        5.0686370248024647E-003
  0.56249997412165065       0.65975117323382326        5.0937450265145807E-003
  0.62499997307856925       0.65795169723138436        5.1224252579052101E-003
  0.68749997203548807       0.65596167851113929        5.1542412957628816E-003
  0.74999997099240678       0.65379943547329966        5.1888869560772575E-003
  0.81249996994932538       0.65147681733858009        5.2261730977245834E-003
  0.87499996890624432       0.64899970579240485        5.2660184607165716E-003
  0.93749996786316292       0.64636837728579688        5.3084431267613526E-003
  0.99999996682008163       0.64357777056840393        5.3535637393822841E-003
   1.0624999657770005       0.64061768809728092        5.4015899374708423E-003
   1.1249999647339191       0.63747295026312545        5.6558961764904148E-003
   1.1924999634921556       0.63747294875204519        5.8598236291805654E-003
   1.2599999622503921       0.63747294875204519        5.8598236235140070E-003
   1.3274999610086284       0.63747294875204519        5.8598236235140070E-003
   1.3949999597668650       0.63747294875204519        5.8598236235140261E-003
   1.4624999585251017       0.63747294875204519        5.8598236235140166E-003
   1.5299999572833380       0.63747294875204519        5.8598236235140070E-003
   1.5974999560415746       0.63747294875204519        5.8598236235140070E-003
   1.6649999547998109       0.63747294875204519        5.8598236235140070E-003
   1.7324999535580474       0.63747294875204519        5.8598236235140261E-003
   1.7999999523162842       0.63747294875204519        5.8598236235140461E-003
 -0.80000001192092896       0.73178399410779149        7.0215203252809184E-003
 -0.73333334601587719       0.73178399410779149        7.0215203252809184E-003
 -0.66666668011082542       0.73178399410779149        7.0215203252809123E-003
 -0.60000001420577376       0.73178399410779149        7.0215203252809123E-003
 -0.53333334830072199       0.73178399410779149        7.0215203252809184E-003
 -0.46666668239567022       0.73178399410779149        7.0215203252809149E-003
 -0.40000001649061850       0.73178399410779149        7.0215203252809123E-003
 -0.33333335058556679       0.73178399410779149        7.0215203252809149E-003
 -0.26666668468051502       0.73178399410779149        7.0215203252809184E-003
 -0.20000001877546325       0.73178399410779149        7.0215203252809184E-003
 -0.13333335287041148       0.73178399410779149        6.8958281322375166E-003
  -7.0000020232465737E-002  0.74374698842259035        6.4319918841788202E-003
  -6.6666875945199239E-003  0.74753421298034284        6.2987519326209588E-003
   5.6666645043425903E-002  0.74975011090658283        6.2339001183566722E-003
  0.11999997768137162       0.75105441344002044        6.1961240531523730E-003
  0.18333331031931743       0.75172161652607050        6.1763749995311914E-003
  0.24666664295726326       0.75190537348852970        6.1700059518490571E-003
  0.30999997559520898       0.75170587360024510        6.1741050820865763E-003
  0.37333330823315491       0.75119448992928550        6.1866440513709976E-003
  0.43666664087110063       0.75042477844401589        6.2061222595549675E-003
  0.49999997350904657       0.74943806556567671        6.2313933290728237E-003
  0.56333330614699229       0.74826656104535660        6.2615711164016432E-003
  0.62666663878493800       0.74693521690314280        6.2959747402077390E-003
  0.68999997142288394       0.74546289953825240        6.3340944752029145E-003
  0.75333330406082966       0.74386316183762791        6.3755695743120191E-003
  0.81666663669877537       0.74214477045921123        6.4201732835910416E-003
  0.87999996933672131       0.74031207697391832        6.4678023884146892E-003
  0.94333330197466703       0.73836528591431816        6.5184697207345144E-003
   1.0066666346126127       0.73630065270921385        6.5722986624994857E-003
   1.0699999672505587       0.73411063269613308        6.6295190313205828E-003
   1.1333332998885044       0.73178399522576576        6.8556765795892219E-003
   1.1999999651312825       0.73178399410779149        7.0215202597207864E-003
   1.2666666303740604       0.73178399410779149        7.0215202555283726E-003
   1.3333332956168382       0.73178399410779149        7.0215202555283726E-003
   1.3999999608596161       0.73178399410779149        7.0215202555283960E-003
   1.4666666261023944       0.73178399410779149        7.0215202555283960E-003
   1.5333332913451723       0.73178399410779149        7.0215202555283726E-003
   1.5999999565879501       0.73178399410779149        7.0215202555283726E-003
   1.6666666218307280       0.73178399410779149        7.0215202555283726E-003
   1.7333332870735059       0.73178399410779149        7.0215202555283960E-003
   1.7999999523162842       0.73178399410779149        7.0215202555284420E-003
 -0.80000001192092896       0.84811856091693527        8.8287768095492002E-003
 -0.73416667896840304       0.84811856091693527        8.8287768095492141E-003
 -0.66833334601587702       0.84811856091693527        8.8287768095492072E-003
 -0.60250001306335121       0.84811856091693527        8.8287768095492072E-003
 -0.53666668011082519       0.84811856091693527        8.8287768095492141E-003
 -0.47083334715829928       0.84811856091693527        8.8287768095492072E-003
 -0.40500001420577336       0.84811856091693527        8.8287768095492072E-003
 -0.33916668125324745       0.84811856091693527        8.8287768095492072E-003
 -0.27333334830072153       0.84811856091693527        8.8287768095492124E-003
 -0.20750001534819554       0.84811856091693527        8.8287768095492141E-003
 -0.14166668239566960       0.84811856091693527        8.7452460413887483E-003
  -7.7500016970766403E-002  0.85489279046460953        8.2548961463118509E-003
  -1.3333351545863140E-002  0.85703736462620284        8.1112750464181795E-003
   5.0833313879040137E-002  0.85829215091227462        8.0346644429997154E-003
  0.11499997930394330       0.85903073228484861        7.9897950699494517E-003
  0.17916664472884658       0.85940854629536179        7.9666018767852419E-003
  0.24333331015374987       0.85951260150193676        7.9596875887434637E-003
  0.30749997557865305       0.85939963162145272        7.9655998816196439E-003
  0.37166664100355640       0.85911005275157659        7.9819054265629422E-003
  0.43583330642845958       0.85867419178320281        8.0067904515598639E-003
  0.49999997185336298       0.85811545043804927        8.0388619065201606E-003
  0.56416663727826610       0.85745206798312579        8.0770382074854454E-003
  0.62833330270316934       0.85669817388362335        8.1204846461412194E-003
  0.69249996812807268       0.85586445152830504        8.1685729781223303E-003
  0.75666663355297592       0.85495857544787479        8.2208549661350761E-003
  0.82083329897787904       0.85398550989724265        8.2770444030625910E-003
  0.88499996440278239       0.85294771902037636        8.3370045115923764E-003
  0.94916662982768563       0.85184531863698931        8.4007388763262924E-003
   1.0133332952525889       0.85067618832604153        8.4683847683368965E-003
   1.0774999606774922       0.84943605580635495        8.5402081330626933E-003
   1.1416666261023953       0.84811856155000542        8.7225095844528401E-003
   1.2074999587237842       0.84811856091693527        8.8287767675150966E-003
   1.2733332913451731       0.84811856091693527        8.8287767651410703E-003
   1.3391666239665618       0.84811856091693527        8.8287767651410703E-003
   1.4049999565879507       0.84811856091693527        8.8287767651410998E-003
   1.4708332892093399       0.84811856091693527        8.8287767651410842E-003
   1.5366666218307286       0.84811856091693527        8.8287767651410703E-003
   1.6024999544521175       0.84811856091693527        8.8287767651410703E-003
   1.6683332870735061       0.84811856091693527        8.8287767651410703E-003
   1.7341666196948951       0.84811856091693527        8.8287767651410998E-003
   1.7999999523162842       0.84811856091693527        8.8287767651411293E-003
 -0.80000001192092896        1.0000000000000000        1.1027566737618363E-002
 -0.73500001281499860        1.0000000000000000        1.1027566737618363E-002
 -0.67000001370906825        1.0000000000000000        1.1027566737618354E-002
 -0.60500001460313801        1.0000000000000000        1.1027566737618354E-002
 -0.54000001549720766        1.0000000000000000        1.1027566737618363E-002
 -0.47500001639127731        1.0000000000000000        1.1027566737618358E-002
 -0.41000001728534702        1.0000000000000000        1.1027566737618354E-002
 -0.34500001817941672        1.0000000000000000        1.1027566737618358E-002
 -0.28000001907348637        1.0000000000000000        1.1027566737618363E-002
 -0.21500001996755602        1.0000000000000000        1.1027566737618363E-002
 -0.15000002086162567        1.0000000000000000        1.1027566737618354E-002
  -8.5000021755695432E-002   1.0000000000000000        1.0535714218417055E-002
  -2.0000022649765081E-002   1.0000000000000000        1.0380004377678666E-002
   4.4999976456165269E-002   1.0000000000000000        1.0288898844345274E-002
  0.10999997556209551        1.0000000000000000        1.0235273098984995E-002
  0.17499997466802586        1.0000000000000000        1.0207841378292240E-002
  0.23999997377395621        1.0000000000000000        1.0200286302821328E-002
  0.30499997287988645        1.0000000000000000        1.0208488640802189E-002
  0.36999997198581691        1.0000000000000000        1.0229513924290699E-002
  0.43499997109174715        1.0000000000000000        1.0261160226472735E-002
  0.49999997019767761        1.0000000000000000        1.0301728432238659E-002
  0.56499996930360785        1.0000000000000000        1.0349894253805773E-002
  0.62999996840953809        1.0000000000000000        1.0404631801366250E-002
  0.69499996751546855        1.0000000000000000        1.0465165392366058E-002
  0.75999996662139879        1.0000000000000000        1.0530937806646981E-002
  0.82499996572732903        1.0000000000000000        1.0601588607458841E-002
  0.88999996483325949        1.0000000000000000        1.0676938882143001E-002
  0.95499996393918973        1.0000000000000000        1.0756980221445332E-002
   1.0199999630451200        1.0000000000000000        1.0841866581535067E-002
   1.0849999621510504        1.0000000000000000        1.0931908157430682E-002
   1.1499999612569807        1.0000000000000000        1.1027566691653407E-002
   1.2149999603629111        1.0000000000000000        1.1027566737618363E-002
   1.2799999594688414        1.0000000000000000        1.1027566737618344E-002
   1.3449999585747716        1.0000000000000000        1.1027566737618344E-002
   1.4099999576807019        1.0000000000000000        1.1027566737618382E-002
   1.4749999567866325        1.0000000000000000        1.1027566737618382E-002
   1.5399999558925628        1.0000000000000000        1.1027566737618344E-002
   1.6049999549984930        1.0000000000000000        1.1027566737618344E-002
   1.6699999541044233        1.0000000000000000        1.1027566737618344E-002
   1.7349999532103535        1.0000000000000000        1.1027566737618382E-002
   1.7999999523162842        1.0000000000000000        1.1027566737618457E-002
