          41          19
 -0.80000001192092896        0.0000000000000000     
 -0.72000001072883602        0.0000000000000000     
 -0.64000000953674319        0.0000000000000000     
 -0.56000000834465025        0.0000000000000000     
 -0.48000000715255736        0.0000000000000000     
 -0.40000000596046448        0.0000000000000000     
 -0.32000000476837154        0.0000000000000000     
 -0.24000000357627871        0.0000000000000000     
 -0.16000000238418577        0.0000000000000000     
  -8.0000001192092829E-002   0.0000000000000000     
   0.0000000000000000        0.0000000000000000     
   5.0000000000000003E-002   4.4602089554664957E-002
  0.10000000000000001        5.8722143818967620E-002
  0.15000000000000002        6.6983760864784622E-002
  0.20000000000000001        7.1846641918802551E-002
  0.25000000000000000        7.4334200719891608E-002
  0.30000000000000004        7.5019308835821752E-002
  0.35000000000000003        7.4275505767019634E-002
  0.40000000000000002        7.2368894454773111E-002
  0.45000000000000001        6.9499149665645854E-002
  0.50000000000000000        6.5820350277604772E-002
  0.55000000000000004        6.1452585138372533E-002
  0.60000000000000009        5.6488883819410578E-002
  0.65000000000000002        5.0999586638980257E-002
  0.70000000000000007        4.5035223344168644E-002
  0.75000000000000000        3.8628479001300155E-002
  0.80000000000000004        3.1795577738765200E-002
  0.85000000000000009        2.4537282123169087E-002
  0.90000000000000002        1.6839631126404589E-002
  0.95000000000000007        8.6744956946254725E-003
   1.0000000000000000        4.1681862848033020E-009
   1.0799999952316284        0.0000000000000000     
   1.1599999904632567        0.0000000000000000     
   1.2399999856948853        0.0000000000000000     
   1.3199999809265137        0.0000000000000000     
   1.3999999761581421        0.0000000000000000     
   1.4799999713897705        0.0000000000000000     
   1.5599999666213988        0.0000000000000000     
   1.6399999618530274        0.0000000000000000     
   1.7199999570846556        0.0000000000000000     
   1.7999999523162842        0.0000000000000000     
 -0.80000001192092896        2.4614517989953628E-002
 -0.72083334418427614        2.4614517989953628E-002
 -0.64166667644762332        2.4614517989953628E-002
 -0.56250000871097050        2.4614517989953628E-002
 -0.48333334097431763        2.4614517989953628E-002
 -0.40416667323766486        2.4614517989953628E-002
 -0.32500000550101199        2.4614517989953628E-002
 -0.24583333776435923        2.4614517989953628E-002
 -0.16666667002770635        2.4614517989953628E-002
  -8.7500002291053480E-002   2.4614517989953628E-002
  -8.3333345544007176E-003   2.4614517989953628E-002
   4.2499998735470897E-002   6.8118748608885768E-002
   9.3333332025342511E-002   8.1891244543480624E-002
  0.14416666531521413        8.9949505867897253E-002
  0.19499999860508574        9.4692689448728051E-002
  0.24583333189495735        9.7119018188956643E-002
  0.29666666518482898        9.7787262698842164E-002
  0.34749999847470059        9.7061767984058051E-002
  0.39833333176457220        9.5202086990256674E-002
  0.44916666505444380        9.2402979585867961E-002
  0.49999999834431541        8.8814732071545249E-002
  0.55083333163418702        8.4554477365908542E-002
  0.60166666492405874        7.9712955162358934E-002
  0.65249999821393023        7.4358774386128507E-002
  0.70333333150380195        6.8541221018935658E-002
  0.75416666479367345        6.2292175599951732E-002
  0.80499999808354517        5.5627462908467026E-002
  0.85583333137341677        4.8547826740877403E-002
  0.90666666466328827        4.1039649713053149E-002
  0.95749999795315999        3.3075495154249970E-002
   1.0083333312430316        2.4614522055542019E-002
   1.0874999933503569        2.4614517989953628E-002
   1.1666666554576819        2.4614517989953628E-002
   1.2458333175650074        2.4614517989953628E-002
   1.3249999796723326        2.4614517989953628E-002
   1.4041666417796579        2.4614517989953628E-002
   1.4833333038869831        2.4614517989953628E-002
   1.5624999659943084        2.4614517989953628E-002
   1.6416666281016337        2.4614517989953628E-002
   1.7208332902089587        2.4614517989953628E-002
   1.7999999523162842        2.4614517989953628E-002
 -0.80000001192092896        5.0503811701663799E-002
 -0.72166667763971615        5.0503811701663799E-002
 -0.64333334335850345        5.0503811701663799E-002
 -0.56500000907729064        5.0503811701663799E-002
 -0.48666667479607795        5.0503811701663799E-002
 -0.40833334051486520        5.0503811701663799E-002
 -0.33000000623365239        5.0503811701663799E-002
 -0.25166667195243975        5.0503811701663799E-002
 -0.17333333767122691        5.0503811701663799E-002
  -9.5000003390014132E-002   5.0503811701663799E-002
  -1.6666669108801435E-002   5.0503811701663799E-002
   3.4999997470941784E-002   9.2853325723959212E-002
   8.6666664050685016E-002  0.10626026342648026     
  0.13833333063042827       0.11410463732066406     
  0.18999999721017147       0.11872192434560228     
  0.24166666378991469       0.12108385194540432     
  0.29333333036965797       0.12173435949005225     
  0.34499999694940114       0.12102812131138002     
  0.39666666352914437       0.11921780113783546     
  0.44833333010888760       0.11649298939917013     
  0.49999999668863082       0.11299998340271086     
  0.55166666326837410       0.10885280705162750     
  0.60333332984811738       0.10413979156942171     
  0.65499999642786055        9.8927724820166305E-002
  0.70666666300760372        9.3264584606116169E-002
  0.75833332958734689        8.7181405273160623E-002
  0.80999999616709017        8.0693591569364786E-002
  0.86166666274683346        7.3801867548813752E-002
  0.91333332932657663        6.6492977268534981E-002
  0.96499999590631991        5.8740212299121020E-002
   1.0166666624860630        5.0503815659340791E-002
   1.0949999914690851        5.0503811701663799E-002
   1.1733333204521073        5.0503811701663799E-002
   1.2516666494351294        5.0503811701663799E-002
   1.3299999784181515        5.0503811701663799E-002
   1.4083333074011737        5.0503811701663799E-002
   1.4866666363841956        5.0503811701663799E-002
   1.5649999653672177        5.0503811701663799E-002
   1.6433332943502401        5.0503811701663799E-002
   1.7216666233332618        5.0503811701663799E-002
   1.7999999523162842        5.0503811701663799E-002
 -0.80000001192092896        7.7807169640046123E-002
 -0.72250001115103557        7.7807169640046123E-002
 -0.64500001038114230        7.7807169640046123E-002
 -0.56750000961124902        7.7807169640046123E-002
 -0.49000000884135569        7.7807169640046123E-002
 -0.41250000807146237        7.7807169640046123E-002
 -0.33500000730156904        7.7807169640046123E-002
 -0.25750000653167576        7.7807169640046123E-002
 -0.18000000576178241        7.7807169640046123E-002
 -0.10250000499188905        7.7807169640046123E-002
  -2.5000004221995775E-002   7.7807169640046123E-002
   2.7499995703498405E-002  0.11893889684643075     
   7.9999995628992598E-002  0.13196030965326416     
  0.13249999555448680       0.13957911366009618     
  0.18499999547998097       0.14406362770300474     
  0.23749999540547514       0.14635763659446788     
  0.28999999533096937       0.14698943838700007     
  0.34249999525646357       0.14630350852975105     
  0.39499999518195777       0.14454524524731410     
  0.44749999510745192       0.14189878717781812     
  0.49999999503294612       0.13850622475783403     
  0.55249999495844038       0.13447830306173794     
  0.60499999488393452       0.12990081329334296     
  0.65749999480942867       0.12483862278983501     
  0.70999999473492292       0.11933832972169767     
  0.76249999466041707       0.11343007602275515     
  0.81499999458591132       0.10712882346788793     
  0.86749999451140547       0.10043527529055213     
  0.91999999443689962        9.3336556730722747E-002
  0.97249999436239387        8.5806727376618028E-002
   1.0249999942878880        7.7807173483917635E-002
   1.1024999900907275        7.7807169640046123E-002
   1.1799999858935672        7.7807169640046123E-002
   1.2574999816964070        7.7807169640046123E-002
   1.3349999774992465        7.7807169640046123E-002
   1.4124999733020860        7.7807169640046123E-002
   1.4899999691049257        7.7807169640046123E-002
   1.5674999649077652        7.7807169640046123E-002
   1.6449999607106049        7.7807169640046123E-002
   1.7224999565134445        7.7807169640046123E-002
   1.7999999523162842        7.7807169640046123E-002
 -0.80000001192092896       0.10668802716870203     
 -0.72333334455059628       0.10668802716870203     
 -0.64666667718026372       0.10668802716870203     
 -0.57000000980993115       0.10668802716870203     
 -0.49333334243959853       0.10668802716870203     
 -0.41666667506926591       0.10668802716870203     
 -0.34000000769893329       0.10668802716870203     
 -0.26333334032860073       0.10668802716870203     
 -0.18666667295826808       0.10668802716870203     
 -0.11000000558793543       0.10668802716870203     
  -3.3333338217602870E-002  0.10668802716870203     
   1.9999994941883568E-002  0.14653160778117802     
   7.3333328101370027E-002  0.15914522131250719     
  0.12666666126085649       0.16652542273448268     
  0.17999999442034292       0.17086949260249137     
  0.23333332757982936       0.17309165866262610     
  0.28666666073931585       0.17370367394527036     
  0.33999999389880226       0.17303922575848080     
  0.39333332705828877       0.17133602704571538     
  0.44666666021777518       0.16877244966661775     
  0.49999999337726164       0.16548613412763621     
  0.55333332653674816       0.16158435723424491     
  0.60666665969623457       0.15715022341645768     
  0.65999999285572097       0.15224656852275020     
  0.71333332601520749       0.14691853138117944     
  0.76666665917469390       0.14119530995282584     
  0.81999999233418042       0.13509139744582926     
  0.87333332549366682       0.12860747507006834     
  0.92666665865315323       0.12173107127198184     
  0.97999999181263975       0.11443705803098451     
   1.0333333249721262       0.10668803089219274     
   1.1099999877065418       0.10668802716870203     
   1.1866666504409578       0.10668802716870203     
   1.2633333131753737       0.10668802716870203     
   1.3399999759097894       0.10668802716870203     
   1.4166666386442053       0.10668802716870203     
   1.4933333013786210       0.10668802716870203     
   1.5699999641130367       0.10668802716870203     
   1.6466666268474526       0.10668802716870203     
   1.7233332895818683       0.10668802716870203     
   1.7999999523162842       0.10668802716870203     
 -0.80000001192092896       0.13733992116302549     
 -0.72416667817367442       0.13733992116302549     
 -0.64833334442642010       0.13733992116302549     
 -0.57250001067916556       0.13733992116302549     
 -0.49666667693191113       0.13733992116302549     
 -0.42083334318465671       0.13733992116302549     
 -0.34500000943740222       0.13733992116302549     
 -0.26916667569014785       0.13733992116302549     
 -0.19333334194289337       0.13733992116302549     
 -0.11750000819563886       0.13733992116302549     
  -4.1666674448384455E-002  0.13733992116302549     
   1.2499992168611640E-002  0.17581636325454655     
   6.6666658785607763E-002  0.18799717037937225     
  0.12083332540260390       0.19512413759143765     
  0.17499999201959998       0.19931915094487157     
  0.22916665863659610       0.20146506861633068     
  0.28333332525359228       0.20205608403763081     
  0.33749999187058832       0.20141443482365878     
  0.39166665848758447       0.19976967735872475     
  0.44583332510458057       0.19729406309269423     
  0.49999999172157672       0.19412050972258130     
  0.55416665833857282       0.19035261310322985     
  0.60833332495556902       0.18607062613209091     
  0.66249999157256512       0.18133522859366130     
  0.71666665818956121       0.17619001048354677     
  0.77083332480655720       0.17066316790363947     
  0.82499999142355340       0.16476869676181582     
  0.87916665804054961       0.15850725489384360     
  0.93333332465754559       0.15186679867811526     
  0.98749999127454180       0.14482306230282210     
   1.0416666578915379       0.13733992475875342     
   1.1174999873340126       0.13733992116302549     
   1.1933333167764870       0.13733992116302549     
   1.2691666462189617       0.13733992116302549     
   1.3449999756614364       0.13733992116302549     
   1.4208333051039110       0.13733992116302549     
   1.4966666345463857       0.13733992116302549     
   1.5724999639888602       0.13733992116302549     
   1.6483332934313348       0.13733992116302549     
   1.7241666228738093       0.13733992116302549     
   1.7999999523162842       0.13733992116302549     
 -0.80000001192092896       0.16999431252824906     
 -0.72500001157323513       0.16999431252824906     
 -0.65000001122554152       0.16999431252824906     
 -0.57500001087784769       0.16999431252824906     
 -0.50000001053015397       0.16999431252824906     
 -0.42500001018246025       0.16999431252824906     
 -0.35000000983476648       0.16999431252824906     
 -0.27500000948707282       0.16999431252824906     
 -0.20000000913937904       0.16999431252824906     
 -0.12500000879168527       0.16999431252824906     
  -5.0000008443991550E-002  0.16999431252824906     
   4.9999914069968066E-003  0.20701430053174535     
   5.9999991257985191E-002  0.21873402587852633     
  0.11499999110897359       0.22559121501426799     
  0.16999999095996193       0.22962743394660151     
  0.22499999081095032       0.23169212189942581     
  0.27999999066193870       0.23226076553218089     
  0.33499999051292706       0.23164340475471618     
  0.38999999036391547       0.23006090652175359     
  0.44499999021490383       0.22767900202518557     
  0.49999999006589224       0.22462557761004387     
  0.55499998991688060       0.22100030770294027     
  0.60999998976786896       0.21688040737729083     
  0.66499998961885742       0.21232425949731099     
  0.71999998946984578       0.20737380404046962     
  0.77499998932083403       0.20205616979771129     
  0.82999998917182249       0.19638482288787437     
  0.88499998902281085       0.19036039624557832     
  0.93999998887379921       0.18397130213809121     
  0.99499998872478768       0.17719419329073743     
   1.0499999885757760       0.16999431598786741     
   1.1249999849498269       0.16999431252824906     
   1.1999999813238775       0.16999431252824906     
   1.2749999776979284       0.16999431252824906     
   1.3499999740719792       0.16999431252824906     
   1.4249999704460301       0.16999431252824906     
   1.4999999668200810       0.16999431252824906     
   1.5749999631941316       0.16999431252824906     
   1.6499999595681825       0.16999431252824906     
   1.7249999559422331       0.16999431252824906     
   1.7999999523162842       0.16999431252824906     
 -0.80000001192092896       0.20493126130677913     
 -0.72583334497279584       0.20493126130677913     
 -0.65166667802466294       0.20493126130677913     
 -0.57750001107652982       0.20493126130677913     
 -0.50333334412839681       0.20493126130677913     
 -0.42916667718026380       0.20493126130677913     
 -0.35500001023213074       0.20493126130677913     
 -0.28083334328399778       0.20493126130677913     
 -0.20666667633586472       0.20493126130677913     
 -0.13250000938773165       0.20493126130677913     
  -5.8333342439598646E-002  0.20493126130677913     
  -2.5000093546180338E-003  0.24039298839208870     
   5.3333323730362613E-002  0.25161940212628764     
  0.10916665681534327       0.25818795557047175     
  0.16499998990032388       0.26205428027650501     
  0.22083332298530450       0.26403206051491207     
  0.27666665607028518       0.26457676856051315     
  0.33249998915526580       0.26398539399276444     
  0.38833332224024647       0.26246950694155841     
  0.44416665532522709       0.26018786257169557     
  0.49999998841020776       0.25726296418234035     
  0.55583332149518838       0.25379029066218278     
  0.61166665458016900       0.24984380691526581     
  0.66749998766514973       0.24547943832970881     
  0.72333332075013035       0.24073735952779479     
  0.77916665383511086       0.23564355738398041     
  0.83499998692009159       0.23021093119556144     
  0.89083332000507220       0.22444008725540690     
  0.94666665309005282       0.21831992558650870     
   1.0024999861750334       0.21182808165750480     
   1.0583333192600142       0.20493126462077377     
   1.1324999825656412       0.20493126130677913     
   1.2066666458712680       0.20493126130677913     
   1.2808333091768951       0.20493126130677913     
   1.3549999724825221       0.20493126130677913     
   1.4291666357881492       0.20493126130677913     
   1.5033332990937762       0.20493126130677913     
   1.5774999623994030       0.20493126130677913     
   1.6516666257050301       0.20493126130677913     
   1.7258332890106569       0.20493126130677913     
   1.7999999523162842       0.20493126130677913     
 -0.80000001192092896       0.24249401438256105     
 -0.72666667837235654       0.24249401438256105     
 -0.65333334482378436       0.24249401438256105     
 -0.58000001127521195       0.24249401438256105     
 -0.50666667772663965       0.24249401438256105     
 -0.43333334417806735       0.24249401438256105     
 -0.36000001062949499       0.24249401438256105     
 -0.28666667708092275       0.24249401438256105     
 -0.21333334353235039       0.24249401438256105     
 -0.14000000998377804       0.24249401438256105     
  -6.6666676435205741E-002  0.24249401438256105     
  -1.0000010116232867E-002  0.27628036419126478     
   4.6666656202740041E-002  0.28697638981371709     
  0.10333332252171296       0.29323461417680258     
  0.15999998884068581       0.29691827568256679     
  0.21666665515965872       0.29880261636396710     
  0.27333332147863165       0.29932158986257928     
  0.32999998779760453       0.29875815458584098     
  0.38666665411657747       0.29731388510456835     
  0.44333332043555035       0.29514003624961005     
  0.49999998675452328       0.29235332369328315     
  0.55666665307349616       0.28904471545654353     
  0.61333331939246905       0.28528468199661267     
  0.66999998571144204       0.28112650652560373     
  0.72666665203041492       0.27660846562938701     
  0.78333331834938769       0.27175531844134349     
  0.83999998466836068       0.26657935483584028     
  0.89666665098733356       0.26108115246164543     
  0.95333331730630644       0.25525013575640226     
   1.0099999836252793       0.24906499679345256     
   1.0666666499442523       0.24249401753998712     
   1.1399999801814555       0.24249401438256105     
   1.2133333104186586       0.24249401438256105     
   1.2866666406558618       0.24249401438256105     
   1.3599999708930650       0.24249401438256105     
   1.4333333011302682       0.24249401438256105     
   1.5066666313674715       0.24249401438256105     
   1.5799999616046745       0.24249401438256105     
   1.6533332918418777       0.24249401438256105     
   1.7266666220790807       0.24249401438256105     
   1.7999999523162842       0.24249401438256105     
 -0.80000001192092896       0.28310958475848635     
 -0.72750001177191725       0.28310958475848635     
 -0.65500001162290578       0.28310958475848635     
 -0.58250001147389407       0.28310958475848635     
 -0.51000001132488249       0.28310958475848635     
 -0.43750001117587090       0.28310958475848635     
 -0.36500001102685931       0.28310958475848635     
 -0.29250001087784772       0.28310958475848635     
 -0.22000001072883607       0.28310958475848635     
 -0.14750001057982443       0.28310958475848635     
  -7.5000010430812836E-002  0.28310958475848635     
  -1.7500010877847708E-002  0.31508439525996929     
   3.9999988675117462E-002  0.32520692682473795     
   9.7499988228082646E-002  0.33112960089928006     
  0.15499998778104776       0.33461575371736507     
  0.21249998733401293       0.33639906077921550     
  0.26999998688697813       0.33689020822092997     
  0.32749998643994327       0.33635698293007849     
  0.38499998599290847       0.33499015155473794     
  0.44249998554587355       0.33293285902122333     
  0.49999998509883881       0.33029556300034035     
  0.55749998465180395       0.32716435403599875     
  0.61499998420476909       0.32360592413631323     
  0.67249998375773434       0.31967069960125044     
  0.72999998331069937       0.31539490472218173     
  0.78749998286366452       0.31080197110987651     
  0.84499998241662977       0.30590352968647355     
  0.90249998196959491       0.30070012712866323     
  0.95999998152255994       0.29518175490920845     
   1.0174999810755252       0.28932824757901715     
   1.0749999806284904       0.28310958774661915     
   1.1474999777972696       0.28310958475848635     
   1.2199999749660491       0.28310958475848635     
   1.2924999721348285       0.28310958475848635     
   1.3649999693036077       0.28310958475848635     
   1.4374999664723873       0.28310958475848635     
   1.5099999636411665       0.28310958475848635     
   1.5824999608099459       0.28310958475848635     
   1.6549999579787253       0.28310958475848635     
   1.7274999551475045       0.28310958475848635     
   1.7999999523162842       0.28310958475848635     
 -0.80000001192092896       0.32731846562910027     
 -0.72833334561851293       0.32731846562910027     
 -0.65666667931609690       0.32731846562910027     
 -0.58500001301368099       0.32731846562910027     
 -0.51333334671126496       0.32731846562910027     
 -0.44166668040884893       0.32731846562910027     
 -0.37000001410643291       0.32731846562910027     
 -0.29833334780401699       0.32731846562910027     
 -0.22666668150160094       0.32731846562910027     
 -0.15500001519918488       0.32731846562910027     
  -8.3333348896768911E-002  0.32731846562910027     
  -2.5000015662776723E-002  0.35732146766688055     
   3.3333317571215521E-002  0.36681976743479205     
   9.1666650805207778E-002  0.37237720466555702     
  0.14999998403919995       0.37564837495443704     
  0.20833331727319221       0.37732170982559138     
  0.26666665050718447       0.37778256940422522     
  0.32499998374117667       0.37728222681463364     
  0.38333331697516898       0.37599968459166278     
  0.44166665020916113       0.37406926026365972     
  0.49999998344315344       0.37159459984666954     
  0.55833331667714570       0.36865648489103908     
  0.61666664991113784       0.36531749467164087     
  0.67499998314513010       0.36162494582169113     
  0.73333331637912236       0.35761282876899181     
  0.79166664961311450       0.35330313015410897     
  0.84999998284710687       0.34870676364862208     
  0.90833331608109902       0.34382424221700530     
  0.96666664931509116       0.33864617453345003     
   1.0249999825490834       0.33315363870285469     
   1.0833333157830756       0.32731846843296225     
   1.1549999794363965       0.32731846562910027     
   1.2266666430897173       0.32731846562910027     
   1.2983333067430383       0.32731846562910027     
   1.3699999703963590       0.32731846562910027     
   1.4416666340496800       0.32731846562910027     
   1.5133332977030007       0.32731846562910027     
   1.5849999613563215       0.32731846562910027     
   1.6566666250096425       0.32731846562910027     
   1.7283332886629630       0.32731846562910027     
   1.7999999523162842       0.32731846562910027     
 -0.80000001192092896       0.37581863925009606     
 -0.72916667857103878       0.37581863925009606     
 -0.65833334522114850       0.37581863925009606     
 -0.58750001187125844       0.37581863925009606     
 -0.51666667852136816       0.37581863925009606     
 -0.44583334517147799       0.37581863925009606     
 -0.37500001182158782       0.37581863925009606     
 -0.30416667847169765       0.37581863925009606     
 -0.23333334512180742       0.37581863925009606     
 -0.16250001177191720       0.37581863925009606     
  -9.1666678422027026E-002  0.37581863925009606     
  -3.2500012401077388E-002  0.40365843220061592     
   2.6666653619872305E-002  0.41247190688517088     
   8.5833319640822012E-002  0.41762865425482348     
  0.14499998566177164       0.42066397396828537     
  0.20416665168272136       0.42221666180569450     
  0.26333331770367108       0.42264429352175659     
  0.32249998372462069       0.42218002551014172     
  0.38166664974557046       0.42098995426684255     
  0.44083331576652007       0.41919871305936013     
  0.49999998178746985       0.41690247505140676     
  0.55916664780841951       0.41417619746336476     
  0.61833331382936918       0.41107794761973904     
  0.67749997985031885       0.40765163063609733     
  0.73666664587126851       0.40392878623873507     
  0.79583331189221818       0.39992981583682669     
  0.85499997791316795       0.39566484622890785     
  0.91416664393411762       0.39113435339484004     
  0.97333330995506717       0.38632962312110170     
   1.0324999759760169       0.38123309777658659     
   1.0916666419969665       0.37581864185180031     
   1.1624999730288983       0.37581863925009606     
   1.2333333040608301       0.37581863925009606     
   1.3041666350927619       0.37581863925009606     
   1.3749999661246934       0.37581863925009606     
   1.4458332971566255       0.37581863925009606     
   1.5166666281885570       0.37581863925009606     
   1.5874999592204888       0.37581863925009606     
   1.6583332902524206       0.37581863925009606     
   1.7291666212843522       0.37581863925009606     
   1.7999999523162842       0.37581863925009606     
 -0.80000001192092896       0.42953378150296939     
 -0.73000001241763435       0.42953378150296939     
 -0.66000001291433974       0.42953378150296939     
 -0.59000001341104524       0.42953378150296939     
 -0.52000001390775064       0.42953378150296939     
 -0.45000001440445603       0.42953378150296939     
 -0.38000001490116142       0.42953378150296939     
 -0.31000001539786692       0.42953378150296939     
 -0.24000001589457229       0.42953378150296939     
 -0.17000001639127768       0.42953378150296939     
 -0.10000001688798310       0.42953378150296939     
  -4.0000017186006390E-002  0.45497776686828501     
   1.9999982515970377E-002  0.46303278082941468     
   7.9999982217947158E-002  0.46774575426421250     
  0.13999998191992385       0.47051986363009890     
  0.19999998162190061       0.47193893189264519     
  0.25999998132387742       0.47232976292880152     
  0.31999998102585409       0.47190544840483545     
  0.37999998072783092       0.47081779105939453     
  0.43999998042980765       0.46918069860148953     
  0.49999998013178448       0.46708206782598460     
  0.55999997983376115       0.46459040536372365     
  0.61999997953573793       0.46175878144254667     
  0.67999997923771471       0.45862732283782010     
  0.73999997893969149       0.45522485506328647     
  0.79999997864166816       0.45157002384513306     
  0.85999997834364494       0.44767208450053114     
  0.91999997804562172       0.44353147204796844     
  0.97999997774759839       0.43914022219253429     
   1.0399999774495752       0.43448228825925117     
   1.0999999771515518       0.42953378388077890     
   1.1699999746680252       0.42953378150296939     
   1.2399999721844983       0.42953378150296939     
   1.3099999697009717       0.42953378150296939     
   1.3799999672174448       0.42953378150296939     
   1.4499999647339181       0.42953378150296939     
   1.5199999622503912       0.42953378150296939     
   1.5899999597668644       0.42953378150296939     
   1.6599999572833377       0.42953378150296939     
   1.7299999547998106       0.42953378150296939     
   1.7999999523162842       0.42953378150296939     
 -0.80000001192092896       0.48972185567915405     
 -0.73083334537016020       0.48972185567915405     
 -0.66166667881939134       0.48972185567915405     
 -0.59250001226862270       0.48972185567915405     
 -0.52333334571785384       0.48972185567915405     
 -0.45416667916708509       0.48972185567915405     
 -0.38500001261631633       0.48972185567915405     
 -0.31583334606554758       0.48972185567915405     
 -0.24666667951477877       0.48972185567915405     
 -0.17750001296400997       0.48972185567915405     
 -0.10833334641324122       0.48972185567915405     
  -4.7500013924307055E-002  0.51248132716994066     
   1.3333318564627161E-002  0.51968648225763869     
   7.4166651053561392E-002  0.52390220487286765     
  0.13499998354249554       0.52638362679316497     
  0.19583331603142975       0.52765297368207364     
  0.25666664852036403       0.52800256938012957     
  0.31749998100929816       0.52762302293044105     
  0.37833331349823246       0.52665012084808682     
  0.43916664598716659       0.52518575280241664     
  0.49999997847610089       0.52330854187735831     
  0.56083331096503508       0.52107976678728163     
  0.62166664345396916       0.51854689848927871     
  0.68249997594290346       0.51574583011042308     
  0.74333330843183765       0.51270234587629127     
  0.80416664092077184       0.50943312426187426     
  0.86499997340970614       0.50594644408530032     
  0.92583330589864032       0.50224269446764191     
  0.98666663838757440       0.49831475140138332     
   1.0474999708765087       0.49414826124512673     
   1.1083333033654428       0.48972185780608846     
   1.1774999682605269       0.48972185567915405     
   1.2466666331556111       0.48972185567915405     
   1.3158332980506953       0.48972185567915405     
   1.3849999629457792       0.48972185567915405     
   1.4541666278408636       0.48972185567915405     
   1.5233332927359475       0.48972185567915405     
   1.5924999576310317       0.48972185567915405     
   1.6616666225261159       0.48972185567915405     
   1.7308332874211998       0.48972185567915405     
   1.7999999523162842       0.48972185567915405     
 -0.80000001192092896       0.55815958725403625     
 -0.73166667921675577       0.55815958725403625     
 -0.66333334651258258       0.55815958725403625     
 -0.59500001380840950       0.55815958725403625     
 -0.52666668110423631       0.55815958725403625     
 -0.45833334840006312       0.55815958725403625     
 -0.39000001569588999       0.55815958725403625     
 -0.32166668299171686       0.55815958725403625     
 -0.25333335028754367       0.55815958725403625     
 -0.18500001758337048       0.55815958725403625     
 -0.11666668487919729       0.55815958725403625     
  -5.5000018709236070E-002  0.57786659291220188     
   6.6666474607252196E-003  0.58410540351633689     
   6.8333313630686524E-002  0.58775571980180963     
  0.12999997980064773       0.58990433717385138     
  0.19166664597060903       0.59100344118125447     
  0.25333331214057031       0.59130614963397266     
  0.31499997831053156       0.59097750737905130     
  0.37666664448049292       0.59013508944990234     
  0.43833331065045417       0.58886712022779875     
  0.49999997682041553       0.58724167798777704     
  0.56166664299037672       0.58531182283588123     
  0.62333330916033802       0.58311865899636339     
  0.68499997533029933       0.58069326566447688     
  0.74666664150026052       0.57805796892453043     
  0.80833330767022171       0.57522721035971947     
  0.86999997384018313       0.57220815844562867     
  0.93166664001014432       0.56900115011500141     
  0.99333330618010562       0.56560001682141670     
   1.0549999723500669       0.56199233001211280     
   1.1166666385200281       0.55815958909570940     
   1.1849999698996538       0.55815958725403625     
   1.2533333012792793       0.55815958725403625     
   1.3216666326589048       0.55815958725403625     
   1.3899999640385303       0.55815958725403625     
   1.4583332954181563       0.55815958725403625     
   1.5266666267977818       0.55815958725403625     
   1.5949999581774073       0.55815958725403625     
   1.6633332895570327       0.55815958725403625     
   1.7316666209366582       0.55815958725403625     
   1.7999999523162842       0.55815958725403625     
 -0.80000001192092896       0.63747294875204519     
 -0.73250001216928162       0.63747294875204519     
 -0.66500001241763418       0.63747294875204519     
 -0.59750001266598696       0.63747294875204519     
 -0.53000001291433951       0.63747294875204519     
 -0.46250001316269218       0.63747294875204519     
 -0.39500001341104485       0.63747294875204519     
 -0.32750001365939752       0.63747294875204519     
 -0.26000001390775018       0.63747294875204519     
 -0.19250001415610277       0.63747294875204519     
 -0.12500001440445541       0.63747294875204519     
  -6.2500015447536736E-002  0.65364241275779511     
  -1.6490617996134382E-008  0.65876131439369390     
   6.2499982466300757E-002  0.66175637405985377     
  0.12499998142321943       0.66351929998893633     
  0.18749998038013815       0.66442110734590110     
  0.24999997933705692       0.66466947757095529     
  0.31249997829397558       0.66439982883771331     
  0.37499997725089446       0.66370863066080854     
  0.43749997620781311       0.66266827054457211     
  0.49999997516473194       0.66133460625029272     
  0.56249997412165065       0.65975117323382326     
  0.62499997307856925       0.65795169723138436     
  0.68749997203548807       0.65596167851113929     
  0.74999997099240678       0.65379943547329966     
  0.81249996994932538       0.65147681733858009     
  0.87499996890624432       0.64899970579240485     
  0.93749996786316292       0.64636837728579688     
  0.99999996682008163       0.64357777056840393     
   1.0624999657770005       0.64061768809728092     
   1.1249999647339191       0.63747295026312545     
   1.1924999634921556       0.63747294875204519     
   1.2599999622503921       0.63747294875204519     
   1.3274999610086284       0.63747294875204519     
   1.3949999597668650       0.63747294875204519     
   1.4624999585251017       0.63747294875204519     
   1.5299999572833380       0.63747294875204519     
   1.5974999560415746       0.63747294875204519     
   1.6649999547998109       0.63747294875204519     
   1.7324999535580474       0.63747294875204519     
   1.7999999523162842       0.63747294875204519     
 -0.80000001192092896       0.73178399410779149     
 -0.73333334601587719       0.73178399410779149     
 -0.66666668011082542       0.73178399410779149     
 -0.60000001420577376       0.73178399410779149     
 -0.53333334830072199       0.73178399410779149     
 -0.46666668239567022       0.73178399410779149     
 -0.40000001649061850       0.73178399410779149     
 -0.33333335058556679       0.73178399410779149     
 -0.26666668468051502       0.73178399410779149     
 -0.20000001877546325       0.73178399410779149     
 -0.13333335287041148       0.73178399410779149     
  -7.0000020232465737E-002  0.74374698842259035     
  -6.6666875945199239E-003  0.74753421298034284     
   5.6666645043425903E-002  0.74975011090658283     
  0.11999997768137162       0.75105441344002044     
  0.18333331031931743       0.75172161652607050     
  0.24666664295726326       0.75190537348852970     
  0.30999997559520898       0.75170587360024510     
  0.37333330823315491       0.75119448992928550     
  0.43666664087110063       0.75042477844401589     
  0.49999997350904657       0.74943806556567671     
  0.56333330614699229       0.74826656104535660     
  0.62666663878493800       0.74693521690314280     
  0.68999997142288394       0.74546289953825240     
  0.75333330406082966       0.74386316183762791     
  0.81666663669877537       0.74214477045921123     
  0.87999996933672131       0.74031207697391832     
  0.94333330197466703       0.73836528591431816     
   1.0066666346126127       0.73630065270921385     
   1.0699999672505587       0.73411063269613308     
   1.1333332998885044       0.73178399522576576     
   1.1999999651312825       0.73178399410779149     
   1.2666666303740604       0.73178399410779149     
   1.3333332956168382       0.73178399410779149     
   1.3999999608596161       0.73178399410779149     
   1.4666666261023944       0.73178399410779149     
   1.5333332913451723       0.73178399410779149     
   1.5999999565879501       0.73178399410779149     
   1.6666666218307280       0.73178399410779149     
   1.7333332870735059       0.73178399410779149     
   1.7999999523162842       0.73178399410779149     
 -0.80000001192092896       0.84811856091693527     
 -0.73416667896840304       0.84811856091693527     
 -0.66833334601587702       0.84811856091693527     
 -0.60250001306335121       0.84811856091693527     
 -0.53666668011082519       0.84811856091693527     
 -0.47083334715829928       0.84811856091693527     
 -0.40500001420577336       0.84811856091693527     
 -0.33916668125324745       0.84811856091693527     
 -0.27333334830072153       0.84811856091693527     
 -0.20750001534819554       0.84811856091693527     
 -0.14166668239566960       0.84811856091693527     
  -7.7500016970766403E-002  0.85489279046460953     
  -1.3333351545863140E-002  0.85703736462620284     
   5.0833313879040137E-002  0.85829215091227462     
  0.11499997930394330       0.85903073228484861     
  0.17916664472884658       0.85940854629536179     
  0.24333331015374987       0.85951260150193676     
  0.30749997557865305       0.85939963162145272     
  0.37166664100355640       0.85911005275157659     
  0.43583330642845958       0.85867419178320281     
  0.49999997185336298       0.85811545043804927     
  0.56416663727826610       0.85745206798312579     
  0.62833330270316934       0.85669817388362335     
  0.69249996812807268       0.85586445152830504     
  0.75666663355297592       0.85495857544787479     
  0.82083329897787904       0.85398550989724265     
  0.88499996440278239       0.85294771902037636     
  0.94916662982768563       0.85184531863698931     
   1.0133332952525889       0.85067618832604153     
   1.0774999606774922       0.84943605580635495     
   1.1416666261023953       0.84811856155000542     
   1.2074999587237842       0.84811856091693527     
   1.2733332913451731       0.84811856091693527     
   1.3391666239665618       0.84811856091693527     
   1.4049999565879507       0.84811856091693527     
   1.4708332892093399       0.84811856091693527     
   1.5366666218307286       0.84811856091693527     
   1.6024999544521175       0.84811856091693527     
   1.6683332870735061       0.84811856091693527     
   1.7341666196948951       0.84811856091693527     
   1.7999999523162842       0.84811856091693527     
 -0.80000001192092896        1.0000000000000000     
 -0.73500001281499860        1.0000000000000000     
 -0.67000001370906825        1.0000000000000000     
 -0.60500001460313801        1.0000000000000000     
 -0.54000001549720766        1.0000000000000000     
 -0.47500001639127731        1.0000000000000000     
 -0.41000001728534702        1.0000000000000000     
 -0.34500001817941672        1.0000000000000000     
 -0.28000001907348637        1.0000000000000000     
 -0.21500001996755602        1.0000000000000000     
 -0.15000002086162567        1.0000000000000000     
  -8.5000021755695432E-002   1.0000000000000000     
  -2.0000022649765081E-002   1.0000000000000000     
   4.4999976456165269E-002   1.0000000000000000     
  0.10999997556209551        1.0000000000000000     
  0.17499997466802586        1.0000000000000000     
  0.23999997377395621        1.0000000000000000     
  0.30499997287988645        1.0000000000000000     
  0.36999997198581691        1.0000000000000000     
  0.43499997109174715        1.0000000000000000     
  0.49999997019767761        1.0000000000000000     
  0.56499996930360785        1.0000000000000000     
  0.62999996840953809        1.0000000000000000     
  0.69499996751546855        1.0000000000000000     
  0.75999996662139879        1.0000000000000000     
  0.82499996572732903        1.0000000000000000     
  0.88999996483325949        1.0000000000000000     
  0.95499996393918973        1.0000000000000000     
   1.0199999630451200        1.0000000000000000     
   1.0849999621510504        1.0000000000000000     
   1.1499999612569807        1.0000000000000000     
   1.2149999603629111        1.0000000000000000     
   1.2799999594688414        1.0000000000000000     
   1.3449999585747716        1.0000000000000000     
   1.4099999576807019        1.0000000000000000     
   1.4749999567866325        1.0000000000000000     
   1.5399999558925628        1.0000000000000000     
   1.6049999549984930        1.0000000000000000     
   1.6699999541044233        1.0000000000000000     
   1.7349999532103535        1.0000000000000000     
   1.7999999523162842        1.0000000000000000     
