VARIABLES = "X" "Y" "J"
ZONE I=  41    J=   19
 -0.80000001192092896        0.0000000000000000        1.9181704389089975E-003
 -0.72000001072883602        0.0000000000000000        1.9244721985844720E-003
 -0.64000000953674319        0.0000000000000000        1.9314603228515333E-003
 -0.56000000834465025        0.0000000000000000        1.9399259995129367E-003
 -0.48000000715255736        0.0000000000000000        1.9510082310356133E-003
 -0.40000000596046448        0.0000000000000000        1.9665957157508737E-003
 -0.32000000476837154        0.0000000000000000        1.9902836444987207E-003
 -0.24000000357627871        0.0000000000000000        2.0301121348171624E-003
 -0.16000000238418577        0.0000000000000000        2.1085771083298684E-003
  -8.0000001192092829E-002   0.0000000000000000        2.3143475909726137E-003
   0.0000000000000000        0.0000000000000000        2.7428260764634327E-003
   5.0000000000000003E-002   4.4602089554664957E-002   1.0861156565611311E-003
  0.10000000000000001        5.8722143818967620E-002   9.7331124552922231E-004
  0.15000000000000002        6.6983760864784622E-002   9.6173124922267197E-004
  0.20000000000000001        7.1846641918802551E-002   9.6504844005040327E-004
  0.25000000000000000        7.4334200719891608E-002   9.7435986157737254E-004
  0.30000000000000004        7.5019308835821752E-002   9.8680968407646968E-004
  0.35000000000000003        7.4275505767019634E-002   1.0010822985501459E-003
  0.40000000000000002        7.2368894454773111E-002   1.0164594044695344E-003
  0.45000000000000001        6.9499149665645854E-002   1.0325261653194697E-003
  0.50000000000000000        6.5820350277604772E-002   1.0490586030741042E-003
  0.55000000000000004        6.1452585138372533E-002   1.0659787557596922E-003
  0.60000000000000009        5.6488883819410578E-002   1.0833435174761948E-003
  0.65000000000000002        5.0999586638980257E-002   1.1013583982181644E-003
  0.70000000000000007        4.5035223344168644E-002   1.1204211092179961E-003
  0.75000000000000000        3.8628479001300155E-002   1.1412171113970577E-003
  0.80000000000000004        3.1795577738765200E-002   1.1649302061756349E-003
  0.85000000000000009        2.4537282123169087E-002   1.1937646393907126E-003
  0.90000000000000002        1.6839631126404589E-002   1.2325376924402773E-003
  0.95000000000000007        8.6744956946254725E-003   1.2952380730891762E-003
   1.0000000000000000        4.1681862848033020E-009   1.8370981731267281E-003
   1.0799999952316284        0.0000000000000000        2.0531528973751238E-003
   1.1599999904632567        0.0000000000000000        1.9961112982056161E-003
   1.2399999856948853        0.0000000000000000        1.9687308961766335E-003
   1.3199999809265137        0.0000000000000000        1.9526539993406696E-003
   1.3999999761581421        0.0000000000000000        1.9421444225822513E-003
   1.4799999713897705        0.0000000000000000        1.9347802502331839E-003
   1.5599999666213988        0.0000000000000000        1.9293213440435741E-003
   1.6399999618530274        0.0000000000000000        1.9250371202568716E-003
   1.7199999570846556        0.0000000000000000        1.9214417417651010E-003
   1.7999999523162842        0.0000000000000000        1.9181702959941722E-003
 -0.80000001192092896        2.4614517989953628E-002   2.0076759834105934E-003
 -0.72049596208660638        2.4694418339944110E-002   2.0140660212995586E-003
 -0.64099565076095011        2.4782831304766311E-002   2.0211265992838806E-003
 -0.56150019224501768        2.4889523552434640E-002   2.0296215610261679E-003
 -0.48201122054141432        2.5028427089246057E-002   2.0406520102044879E-003
 -0.40253089894300309        2.5222328993989199E-002   2.0560151631656195E-003
 -0.32306192568895342        2.5513723034474928E-002   2.0790392685363728E-003
 -0.24360749724981504        2.5994550954627826E-002   2.1168123679566344E-003
 -0.16417134022585558        2.6907561063401197E-002   2.1874333121044867E-003
  -8.4760137385389581E-002   2.9115236533208647E-002   2.3510866149079775E-003
  -5.4329970978958895E-003   3.7415718008027149E-002   2.3400415498746477E-003
   4.5305944049692640E-002   6.4814420068539810E-002   1.1841506721788320E-003
   9.6059896909295756E-002   7.8250427734160008E-002   1.0808908059026089E-003
  0.14671755888693255        8.6576032637899689E-002   1.0537406032802231E-003
  0.19730519343562741        9.1660735557662493E-002   1.0484035333978652E-003
  0.24784313532364685        9.4421779789677154E-002   1.0526656936746921E-003
  0.29834539780897823        9.5400417564054152E-002   1.0620013253954633E-003
  0.34882188579223106        9.4957456339085811E-002   1.0743174585137341E-003
  0.39927996398798582        9.3353020516983562E-002   1.0885019417346230E-003
  0.44972543613759602        9.0784025880698352E-002   1.1039242332845575E-003
  0.50016317735819016        8.7403825021591955E-002   1.1202365312072496E-003
  0.55059757682170885        8.3333463834492694E-002   1.1372896097190230E-003
  0.60103288585514048        7.8668684467435399E-002   1.1551024136205873E-003
  0.65147353700741983        7.3484722512470471E-002   1.1738656915977516E-003
  0.70192449373162702        6.7840105427050310E-002   1.1939789407668863E-003
  0.75239170833041757        6.1780457525023438E-002   1.2161368296535482E-003
  0.80288282567057712        5.5343767155959768E-002   1.2415114453244345E-003
  0.85340843892143958        4.8570595772211518E-002   1.2721516785198382E-003
  0.90398475161683789        4.1530860553032067E-002   1.3119238577779110E-003
  0.95464092717320037        3.4418616800415969E-002   1.3687464474112210E-003
   1.0054510206918774        2.8011508055706229E-002   1.8534901297950635E-003
   1.0848633800681986        2.6217534701472152E-002   2.1318096660903627E-003
   1.1642644103472721        2.5571204816906952E-002   2.0819376735343219E-003
   1.2436831458777580        2.5243763426931860E-002   2.0564700047277897E-003
   1.3231218862161715        2.5046890299398886E-002   2.0411714467801836E-003
   1.4025777409389191        2.4916559756737133E-002   2.0310624169878845E-003
   1.4820470630548583        2.4824491521508833E-002   2.0239212697364447E-003
   1.5615265086411776        2.4755831681964154E-002   2.0185802371628174E-003
   1.6410132625876359        2.4701689833707956E-002   2.0143421904200019E-003
   1.7205050277117937        2.4656091372298228E-002   2.0107397514558712E-003
   1.7999999523162842        2.4614517989953628E-002   2.0074382431815234E-003
 -0.80000001192092896        5.0503811701663799E-002   2.1009537465662325E-003
 -0.72100964217732388        5.0665869112086384E-002   2.1073921093226968E-003
 -0.64202680248317723        5.0844817867301932E-002   2.1144751528210967E-003
 -0.56305376616518776        5.1059944944593892E-002   2.1229261233792897E-003
 -0.48409384279242151        5.1338503307901080E-002   2.1337868228909138E-003
 -0.40515142062800591        5.1724423814798942E-002   2.1487166761567692E-003
 -0.32623204234794562        5.2297801766870114E-002   2.1706611882503393E-003
 -0.24734254463588537        5.3225401204357932E-002   2.2054202432050833E-003
 -0.16849193466822829        5.4915817330864286E-002   2.2655468817519026E-003
  -8.9699251536334942E-002   5.8602257220680881E-002   2.3777603813164494E-003
  -1.1069397823668089E-002   6.8926484415081132E-002   2.0828090572584481E-003
   4.0473901440610860E-002   8.7438657195667235E-002   1.2981960316409509E-003
   9.1947494740860974E-002   9.9627988091402858E-002   1.1914638043127109E-003
  0.14326563976479045       0.10772296269328287        1.1513098579715624E-003
  0.19445699733612440       0.11288596433815376        1.1377089981177339E-003
  0.24555366489685646       0.11584277566122778        1.1368119687385026E-003
  0.29658060607892373       0.11706947872543810        1.1428489030211226E-003
  0.34755651278809352       0.11689987901619041        1.1530431701806745E-003
  0.39849572798135163       0.11558130597720979        1.1659059180789773E-003
  0.44940977048575803       0.11330433961026760        1.1805902541488821E-003
  0.50030843423282267       0.11021960745670376        1.1966201585619967E-003
  0.55120060842009000       0.10644796604316938        1.2137702740458386E-003
  0.60209494986595524       0.10208723080616379        1.2320165370733993E-003
  0.65300051659210567        9.7217220924479042E-002   1.2515286657289345E-003
  0.70392747360726404        9.1904360083659278E-002   1.2726978991893557E-003
  0.75488802365786123        8.6207166458350651E-002   1.2962083160426973E-003
  0.80589783825056593        8.0184949724654397E-002   1.3231764512480579E-003
  0.85697860162783202        7.3915292431584054E-002   1.3553994362237474E-003
  0.90816333533068361        6.7536479241098915E-002   1.3956878675754291E-003
  0.95951014085968689        6.1366044243726131E-002   1.4474693063349449E-003
   1.0111461393845256        5.6231091451620058E-002   1.8864672363103807E-003
   1.0899008840897746        5.3541313560931753E-002   2.2102329785593628E-003
   1.1686758957509917        5.2382033838049645E-002   2.1700393768952298E-003
   1.2474932895564599        5.1756778369673823E-002   2.1472435917938397E-003
   1.3263521278621371        5.1371208304397405E-002   2.1330370956374519E-003
   1.4052455571797948        5.1112625568371338E-002   2.1234881208196340E-003
   1.4841660526321818        5.0928456947158300E-002   2.1166626621461865E-003
   1.5631068795160383        5.0790290251854296E-002   2.1114977635691302E-003
   1.6420623963580174        5.0680828459880992E-002   2.1073440896745162E-003
   1.7210279961016850        5.0588319081893880E-002   2.1037601342861808E-003
   1.7999999523162842        5.0503811701663799E-002   2.1004484079107629E-003
 -0.80000001192092896        7.7807169640046123E-002   2.2042038485765659E-003
 -0.72154224098463482        7.8052906654110160E-002   2.2106112543298236E-003
 -0.64309583942681103        7.8323561736584432E-002   2.2176169452852311E-003
 -0.56466431804456085        7.8647411882407176E-002   2.2258770657968469E-003
 -0.48625274456303591        7.9063906166184042E-002   2.2363310058814579E-003
 -0.40786786201923986        7.9635410182643862E-002   2.2504127326464841E-003
 -0.32951833802620428        8.0472316266572461E-002   2.2704914009942703E-003
 -0.25121536017220997        8.1793698037450097E-002   2.3006556098430549E-003
 -0.17297505526968809        8.4092684778847709E-002   2.3474963843941091E-003
  -9.4831792729284173E-002   8.8636135529439622E-002   2.4141106193709847E-003
  -1.6914916056771832E-002   9.8873390642507497E-002   2.0236194077652434E-003
   3.5462657332070498E-002  0.11228799747383975        1.4137968849949186E-003
   8.7655026804076469E-002  0.12295604648608878        1.3081995843203921E-003
  0.13964014657898544       0.13058568202066315        1.2589169200920335E-003
  0.19145092672588232       0.13568642122232405        1.2377805185015205E-003
  0.24312682389856338       0.13875547670842703        1.2316198645800592E-003
  0.29470113182412122       0.14017900307135070        1.2340889569551997E-003
  0.34620009421839132       0.14025077761788274        1.2419021546936752E-003
  0.39764450223473191       0.13919842738023094        1.2532338783928752E-003
  0.44905139944797656       0.13720234803436121        1.2670242728696670E-003
  0.50043547590161352       0.13440818956763473        1.2826628030875573E-003
  0.55181018683699479       0.13093524747617247        1.2998390945661083E-003
  0.60318871415148034       0.12688254177737407        1.3184755571758070E-003
  0.65458490035069705       0.12233387079497059        1.3387068939831926E-003
  0.70601430615154726       0.11736298300615770        1.3608938464927706E-003
  0.75749561192759685       0.11204033980955040        1.3856690607699637E-003
  0.80905276285264027       0.10644413134364956        1.4140128846030972E-003
  0.86071872453547071       0.10068136592672965        1.4473200325890302E-003
  0.91254302609129023        9.4932492878872565E-002   1.4872117871826906E-003
  0.96460910065362393        8.9546103478896966E-002   1.5339445377757291E-003
   1.0170763725995882        8.5185073546594200E-002   1.9481627377938970E-003
   1.0951244015180195        8.2089116391905068E-002   2.2954474964311765E-003
   1.1732448118713041        8.0549308865589919E-002   2.2658028135257909E-003
   1.2514388047648146        7.9666263471790982E-002   2.2466978814873633E-003
   1.3296975788304954        7.9105781244116602E-002   2.2341234757212048E-003
   1.4080090214001491        7.8723901465373183E-002   2.2254267943167113E-003
   1.4863613650025276        7.8449153163896126E-002   2.2190872466671184E-003
   1.5647443794494253        7.8241517407910355E-002   2.2142039843197673E-003
   1.6431495600826280        7.8076090106658655E-002   2.2102031594365902E-003
   1.7215699631566699        7.7935705423994014E-002   2.2066839902741067E-003
   1.7999999523162842        7.7807169640046123E-002   2.2033983516849430E-003
 -0.80000001192092896       0.10668802716870203        2.3191687519755529E-003
 -0.72209526682627123       0.10701799964361981        2.3254454410911495E-003
 -0.64420576281347841       0.10738032147172087        2.3322508606368870E-003
 -0.56633635544328087       0.10781142657170442        2.3401453754465437E-003
 -0.48849398550827289       0.10836132714365089        2.3499236437912966E-003
 -0.41068792656571329       0.10910718653058406        2.3627182318917274E-003
 -0.33293031506725707       0.11018075094678920        2.3801908973028183E-003
 -0.25523741469502897       0.11182925784297641        2.4045895311554963E-003
 -0.17763375551024763       0.11456040373094190        2.4373612511990523E-003
 -0.10016867379490393       0.11948709991298558        2.4684770954943830E-003
  -2.2980299679143074E-002  0.12888884367952416        2.0478185569775954E-003
   3.0244820952171046E-002  0.13916331121195430        1.5307500431517422E-003
   8.3169733725102779E-002  0.14831591167118932        1.4321170512736593E-003
  0.13583363722226977       0.15532653380431435        1.3774456331233020E-003
  0.18828069024621313       0.16024146013805421        1.3499438971024955E-003
  0.24055674646075670       0.16333934371731190        1.3386876369507574E-003
  0.29270173044211034       0.16490492361094813        1.3374445312676034E-003
  0.34474832911135483       0.16518236904540748        1.3426665000928785E-003
  0.39672319644942916       0.16437348163243531        1.3522724196523245E-003
  0.44864863482190370       0.16264469442344759        1.3650125285898128E-003
  0.50054414464585084       0.16013430693706490        1.3801443509012937E-003
  0.55242776329752841       0.15695850304689693        1.3972673019145207E-003
  0.60431727369203592       0.15321641428636792        1.4162408805199938E-003
  0.65623141526625295       0.14899490333370763        1.4371507466589425E-003
  0.70819127613136146       0.14437397884184530        1.4603052429978593E-003
  0.76022213970820907       0.13943422358601554        1.4862500013268661E-003
  0.81235627739039951       0.13426867337777532        1.5157755798688472E-003
  0.86463769414160052       0.12900367705789906        1.5498322216592022E-003
  0.91713106032915259       0.12383610386331453        1.5890632116018668E-003
  0.96993965513902003       0.11909037340323772        1.6321745344796334E-003
   1.0232395247712427       0.11524693619546073        2.0317774193333513E-003
   1.1005447549372662       0.11201950254565532        2.3907654567965624E-003
   1.1779823736187609       0.11021843815679638        2.3712648413268659E-003
   1.2555294977135076       0.10912355565296666        2.3565264753480741E-003
   1.3331665556091552       0.10840678273857897        2.3460767597812690E-003
   1.4108750285783380       0.10790948287462129        2.3385378446820412E-003
   1.4886385124204686       0.10754740785789657        2.3328757904809102E-003
   1.5664431504160830       0.10727140028270300        2.3283988486660127E-003
   1.6442775248027131       0.10705004460400487        2.3246351249707931E-003
   1.7221323214145727       0.10686129908355983        2.3212399558403523E-003
   1.7999999523162842       0.10668802716870203        2.3180281762245083E-003
 -0.80000001192092896       0.13733992116302549        2.4480211419775004E-003
 -0.72267060986501863       0.13775344537298256        2.4540441145319536E-003
 -0.64536032410117827       0.13820589306910327        2.4605010943259506E-003
 -0.56807548242294614       0.13874071562681364        2.4678271157147456E-003
 -0.49082503100059860       0.13941639450943591        2.4766341800904882E-003
 -0.41362096238856738       0.14032056612586633        2.4876976973046746E-003
 -0.33647920471051007       0.14159669276013381        2.5019168819029746E-003
 -0.25942162658763296       0.14349768912651520        2.5198245425419818E-003
 -0.18248156965032356       0.14649498173994485        2.5391271844289673E-003
 -0.10572095868843602       0.15147264680697925        2.5445228544613862E-003
  -2.9277606822086980E-002  0.15981818264890757        2.1195575104780854E-003
   2.4800388587038164E-002  0.16801914859107711        1.6551253164685542E-003
   7.8476276987446997E-002  0.17580359441592650        1.5655934527161379E-003
  0.13183548150663529       0.18211891699619459        1.5085026371564252E-003
  0.18493775452574582       0.18675047782382886        1.4759844161559017E-003
  0.23783603940255468       0.18979956856542773        1.4600226628627055E-003
  0.29057608498610799       0.19145162436536756        1.4550549942551690E-003
  0.34319617907621797       0.19189648703905135        1.4575388851870905E-003
  0.39572827796515425       0.19130561219824940        1.4652492557770530E-003
  0.44819963285830539       0.18982815233154118        1.4767886397128146E-003
  0.50063441312516010       0.18759273919291472        1.4912953819742111E-003
  0.55305520054332025       0.18471079021812303        1.5082784747353333E-003
  0.60548440137789905       0.18128025785814750        1.5275273877532873E-003
  0.65794570277419617       0.17738985375379299        1.5490660516770762E-003
  0.71046576715857779       0.17312432143332179        1.5731313087966243E-003
  0.76307646998154444       0.16857183943750029        1.6001561195493747E-003
  0.81581821329328241       0.16383534098084351        1.6307197129229324E-003
  0.86874531682738476       0.15905028574746644        1.6653705880993225E-003
  0.92193537990732766       0.15441043167196450        1.7041063943868775E-003
  0.97550564656596217       0.15019259301120969        1.7452048010463302E-003
   1.0296380679780230       0.14673157949450469        2.1351534928468600E-003
   1.1061730261259810       0.14352978334888838        2.4991717932430079E-003
   1.1829009831687258       0.14156883528243902        2.4888718903887134E-003
   1.2597768337745616       0.14031033263692061        2.4788830592784661E-003
   1.3367690727020354       0.13945976554425993        2.4709830888592207E-003
   1.4138520182624463       0.13885776898556690        2.4649093775098267E-003
   1.4910043096156189       0.13841349849114964        2.4601344482209279E-003
   1.5682083464723902       0.13807145594468592        2.4562078460604333E-003
   1.6454497531193744       0.13779506174952733        2.4527826623412484E-003
   1.7227168149270018       0.13755810401661611        2.4495854012852427E-003
   1.7999999523162842       0.13733992116302549        2.4465085958633869E-003
 -0.80000001192092896       0.16999431252824906        2.5935091824729863E-003
 -0.72327061447406626       0.17048914847008137        2.5991294535348611E-003
 -0.64656416562056374       0.17102835591609744        2.6050627990966959E-003
 -0.56988860003108111       0.17166097360849084        2.6115901496166294E-003
 -0.49325499784460497       0.17245148799127816        2.6191109848027242E-003
 -0.41667823084310374       0.17349331460510600        2.6280141990225278E-003
 -0.34017823769767719       0.17493226193128308        2.6384576382925697E-003
 -0.26378268845518843       0.17700844676984637        2.6495628256537327E-003
 -0.18753329489706674       0.18012654906909467        2.6567769595176537E-003
 -0.11150143200981655       0.18493646961719731        2.6443092453876708E-003
  -3.5820177234140473E-002  0.19221775621055634        2.2254826450022478E-003
   1.9112213643320195E-002  0.19895272878310713        1.7930657815525561E-003
   7.3557752691476061E-002  0.20555739142566959        1.7121240584978882E-003
  0.12763209852390259       0.21116108915876994        1.6545924443531060E-003
  0.18141101704308446       0.21544092525880454        1.6183544341004271E-003
  0.23495535714737245       0.21837389106500824        1.5982206138890624E-003
  0.28831644300059805       0.22005884049802865        1.5896372130211516E-003
  0.34153759803670158       0.22063175323193107        1.5893071017801092E-003
  0.39465559254640786       0.22023139209883155        1.5949862866625219E-003
  0.44770229952541135       0.21898713972097456        1.6051869932887000E-003
  0.50070636800910873       0.21701589657397052        1.6189513202564466E-003
  0.55369482872068765       0.21442265418809003        1.6357035130222187E-003
  0.60669466870971811       0.21130274873567151        1.6551592860520664E-003
  0.65973449444714749       0.20774526602667356        1.6772709367922319E-003
  0.71284648020844454       0.20383778515707743        1.7021895899797072E-003
  0.76606891330934490       0.19967310882644010        1.7302220510391666E-003
  0.81944985117550107       0.19535893035257057        1.7617430488660844E-003
  0.87305275554272022       0.19103106972098113        1.7969881986294085E-003
  0.92696544038037043       0.18686809034443758        1.8356181662975825E-003
  0.98131370705612964       0.18309508548925590        1.8760677767346141E-003
   1.0362784247206562       0.17994355972371806        2.2587026134311388E-003
   1.1120215963752471       0.17685863968395324        2.6237769254215514E-003
   1.1880146775224176       0.17482093210220767        2.6215990928396132E-003
   1.2641942516117048       0.17344655918734042        2.6165168764914911E-003
   1.3405171428309988       0.17248754429949525        2.6115146437102380E-003
   1.4169502569845422       0.17179424355507766        2.6072052572590665E-003
   1.4934671195443676       0.17127489548479649        2.6035409962828632E-003
   1.5700463284570942       0.17087057694805877        2.6003276163561310E-003
   1.6466705336066743       0.17054107711374297        2.5973607720018942E-003
   1.7233256078569479       0.17025687245041465        2.5944518262067599E-003
   1.7999999523162842       0.16999431252824906        2.5915864731390153E-003
 -0.80000001192092896       0.20493126130677913        2.7591638352262946E-003
 -0.72389816902471649       0.20550324905547721        2.7642037887384949E-003
 -0.64782299520130759       0.20612366957187792        2.7694099908596929E-003
 -0.57178415607225541       0.20684546642226562        2.7748831877541322E-003
 -0.49579496394612033       0.20773642652033569        2.7807917982106307E-003
 -0.41987325736011938       0.20889104185049331        2.7871382274873967E-003
 -0.34404303135913317       0.21044920826460967        2.7934255356892330E-003
 -0.26833756496841216       0.21262503239097827        2.7977581790049402E-003
 -0.19280584426445840       0.21574353536499552        2.7945857846002676E-003
 -0.11752557140883142       0.22025051601606677        2.7700352910778408E-003
  -4.2623415817753703E-002  0.22654070783965669        2.3613831797459806E-003
   1.3163084897780786E-002  0.23217309395171826        1.9502001303628349E-003
   6.8395658240711740E-002  0.23777775163994633        1.8762036949762297E-003
  0.12320700085991451       0.24269278962107618        1.8192987355756605E-003
  0.17768647742815233       0.24658015308235973        1.7804291541575494E-003
  0.23190294123050420       0.24934270076922718        1.7567131229289524E-003
  0.28591318723737491       0.25101145927502244        1.7447183710693256E-003
  0.33976519363665048       0.25167349684438306        1.7415689955548434E-003
  0.39350013097399933       0.25143491598548806        1.7451218190686964E-003
  0.44715416235263694       0.25040394398283916        1.7538646365164105E-003
  0.50076018290171775       0.24868413172653861        1.7667748722605388E-003
  0.55434951318651882       0.24637249636312708        1.7832038938858338E-003
  0.60795360018666900       0.24356024808699714        1.8027942657443741E-003
  0.66160584252180454       0.24033518500083093        1.8254208086406702E-003
  0.71534372953433478       0.23678557762147645        1.8511409600527110E-003
  0.76921158565920400       0.23300572540945153        1.8801338403747171E-003
  0.82326436518232049       0.22910334887704659        1.9125961289500285E-003
  0.87757314334405534       0.22520810699505611        1.9485506301987466E-003
  0.93223305570409798       0.22147755394406471        1.9875452018427520E-003
  0.98737387966980616       0.21809019189381326        2.0283901151330374E-003
   1.0431709480835056       0.21520803816108922        2.4046568190071354E-003
   1.1181050854655810       0.21229373403484172        2.7682231313075930E-003
   1.1933397224288318       0.21024594771423949        2.7731496776417616E-003
   1.2687976066214883       0.20880115030009039        2.7729716466124077E-003
   1.3444251751849505       0.20776089878979753        2.7711371229588010E-003
   1.4201821999372943       0.20699210261322645        2.7688742061949315E-003
   1.4960371638608305       0.20640685198221842        2.7665533455739359E-003
   1.5719649087173670       0.20594562111706349        2.7642338091894204E-003
   1.6479451494122273       0.20556620272012591        2.7618643403085935E-003
   1.7239613704483823       0.20523674594505434        2.7593524276322769E-003
   1.7999999523162842       0.20493126130677913        2.7567925458325069E-003
 -0.80000001192092896       0.24249401438256105        2.9496010668613728E-003
 -0.72455681817075068       0.24313665933175282        2.9538520028809349E-003
 -0.64914380492174983       0.24383017944191285        2.9580985381456961E-003
 -0.57377245945518396       0.24462955011477225        2.9622398952286440E-003
 -0.49845836296665419       0.24560307494925190        2.9662086190654249E-003
 -0.42322229204321637       0.24684197060203783        2.9696493760333342E-003
 -0.34809212283300456       0.24847369362063337        2.9715436397579936E-003
 -0.27310617011918470       0.25067862913975125        2.9693852298270577E-003
 -0.19831918028466730       0.25370223283334481        2.9575474111996195E-003
 -0.12381242751616683       0.25782926630265884        2.9249447545825914E-003
  -4.9705834468964455E-002  0.26322606060877418        2.5278921423592146E-003
   6.9337074054481116E-003  0.26798546192766787        2.1323485686816509E-003
   6.2969192827845716E-002  0.27274353513857452        2.0634397755862374E-003
  0.11854051512921890       0.27701444471987946        2.0075406264722334E-003
  0.17374680711267396       0.28049165555714928        1.9668459687897325E-003
  0.22866408447706607       0.28304345321384972        1.9401167154150408E-003
  0.28335432000181898       0.28465333608887256        1.9249758673329095E-003
  0.33786980424780044       0.28536751566214452        1.9190647486805545E-003
  0.39225572817339116       0.28526166582672574        1.9204392576610456E-003
  0.44655220023334502       0.28442270585163681        1.9276289852648530E-003
  0.50079607819461203       0.28293981745445257        1.9395839879600570E-003
  0.55502273901157395       0.28090072437393060        1.9556003642853420E-003
  0.60926787373410418       0.27839102098627699        1.9752530308284342E-003
  0.66356942547175557       0.27549546695117877        1.9983384544176286E-003
  0.71796984400946662       0.27230078850116973        2.0248191402974826E-003
  0.77251890616900154       0.26889976780683955        2.0547548333124692E-003
  0.82727744221403354       0.26539620288652443        2.0882002167545892E-003
  0.88232237083691623       0.26190935869069454        2.1250534048596142E-003
  0.93775331131086603       0.25857429124464121        2.1648826334167990E-003
  0.99370030603494852       0.25553113335696070        2.2068917114714559E-003
   1.0503303271931506       0.25289611881207452        2.5769220637556251E-003
   1.1244413036601690       0.25018456820913271        2.9371078107843611E-003
   1.1988953643869225       0.24817956274827671        2.9482607592272577E-003
   1.2736057695635703       0.24670641512961097        2.9528818205062880E-003
   1.3485104997965076       0.24561313710544858        2.9544119414869601E-003
   1.4235629558671210       0.24478677546247601        2.9544538746646538E-003
   1.4987269173521356       0.24414689250023319        2.9537132315398886E-003
   1.5739736605172339       0.24363590056048620        2.9524840948415123E-003
   1.6492800910041496       0.24321123920167723        2.9508707833199397E-003
   1.7246273874152831       0.24283980272286584        2.9488847327355521E-003
   1.7999999523162842       0.24249401438256105        2.9467442411511302E-003
 -0.80000001192092896       0.28310958475848635        3.1709828491998174E-003
 -0.72525091393259122       0.28381358680053204        3.1742028433561489E-003
 -0.65053516671385614       0.28456910832618681        3.1772281539972792E-003
 -0.57586610850238973       0.28543117816818769        3.1797419056074760E-003
 -0.50126153048985833       0.28646593135051851        3.1814508330860513E-003
 -0.42674496339841078       0.28775762417598794        3.1816952024653305E-003
 -0.35234774277093400       0.28941682390212048        3.1790923288128742E-003
 -0.27811231426707894       0.29158744748467186        3.1708866680543093E-003
 -0.20409745583540576       0.29444373553823866        3.1519511944810260E-003
 -0.13038570560542462       0.29815268053250427        3.1139953026483240E-003
  -5.7090356388657254E-002  0.30275435267800999        2.7290727873041645E-003
   4.0094627314079097E-004  0.30679416258720676        2.3464495977886094E-003
   5.7254046946988678E-002  0.31083029970561327        2.2809591821139588E-003
  0.11360904836451233       0.31451051620369674        2.2259994063077962E-003
  0.16957065653228914       0.31757724814877636        2.1839992865626029E-003
  0.22522040861471701       0.31989129814129874        2.1547485548470691E-003
  0.28062478508297156       0.32140715749131021        2.1367508845414520E-003
  0.33583993634109038       0.32213972196325902        2.1281845357735132E-003
  0.39091465651253587       0.32213817701133290        2.1273709574066609E-003
  0.44589261028117327       0.32146917522794766        2.1329402293679607E-003
  0.50081426575653809       0.32020719744016096        2.1438542498533803E-003
  0.55571872983904569       0.31842968994413029        2.1593759640679386E-003
  0.61064560498421694       0.31621526319234272        2.1790230746383450E-003
  0.66563698649141168       0.31364391338476177        2.2025181479415818E-003
  0.72073975059759099       0.31079865210402430        2.2297338444118306E-003
  0.77600832579570067       0.30776805477454322        2.2606255318070854E-003
  0.83150817046759429       0.30464899145297125        2.2951429569227342E-003
  0.88732014111654134       0.30154804014795794        2.3331247919376710E-003
  0.94354569235404695       0.29857878564428103        2.3742201577117367E-003
   1.0003121866545996       0.29585118812588923        2.4179572478088057E-003
   1.0577764221319232       0.29345127725455006        2.7813247439334608E-003
   1.1310523990017736       0.29096207171192728        3.1365181721795202E-003
   1.2047048482102876       0.28904161341443829        3.1531754133568421E-003
   1.2786414835856688       0.28757836539596593        3.1624311440160841E-003
   1.3527941128892347       0.28646057775863049        3.1674578700408604E-003
   1.4271109355762577       0.28559640212685600        3.1700341331822126E-003
   1.5015516509156130       0.28491526977654991        3.1711091956469518E-003
   1.5760843407703464       0.28436364268906883        3.1711803944091078E-003
   1.6506833456500662       0.28390016434300724        3.1705018066161580E-003
   1.7253277050929456       0.28349158813468367        3.1691923132900692E-003
   1.7999999523162842       0.28310958475848635        3.1676075884512849E-003
 -0.80000001192092896       0.32731846562910027        3.4317270010110561E-003
 -0.72598582843747350       0.32807118478269881        3.4336391730888558E-003
 -0.65200765076405665       0.32887417067710073        3.4351533593988798E-003
 -0.57808060247804849       0.32978052626221727        3.4357306300157970E-003
 -0.50422449437001082       0.33085180832033984        3.4348765178443827E-003
 -0.43046523976292561       0.33216252985988926        3.4316979445172444E-003
 -0.35683695935235510       0.33380405818483128        3.4246078584994110E-003
 -0.28338505826185434       0.33588504506594707        3.4108841318716502E-003
 -0.21017054174544411       0.33852106094777129        3.3861869751449680E-003
 -0.13727528536846306       0.34179865689557504        3.3446217361080771E-003
  -6.4806045149110633E-002  0.34569474372497244        2.9722908973338373E-003
  -6.4641280126544682E-003  0.34912277963966715        2.6016104552052648E-003
   5.1220651159948671E-002  0.35253624131058942        2.5381707815755866E-003
  0.10838375682708930       0.35568019623463493        2.4838373074907703E-003
  0.16513150576354427       0.35834788872986595        2.4408028594608724E-003
  0.22154879266623884       0.36040881917488260        2.4094140677808312E-003
  0.27770550482152939       0.36180339072171191        2.3888403317895582E-003
  0.33366097211299334       0.36252474954360420        2.3777574460586018E-003
  0.38946705148002470       0.36260057512313359        2.3747839518225020E-003
  0.44517047819618422       0.36207929674587974        2.3786954769399104E-003
  0.50081487430279170       0.36102105990789796        2.3885027849020178E-003
  0.55644262719640958       0.35949246163851006        2.4034603978125963E-003
  0.61209677184366895       0.35756398177854098        2.4230435795482529E-003
  0.66782299063647066       0.35530927207745983        2.4469105028615303E-003
  0.72367185204366669       0.35280566631321914        2.4748542874551134E-003
  0.77970141887025612       0.35013530517438618        2.5067442488383267E-003
  0.83598034039257252       0.34738605856735277        2.5424573736858107E-003
  0.89259144876895991       0.34465095806873852        2.5818134671810604E-003
  0.94963562614641006       0.34202431462149258        2.6245545734183222E-003
   1.0072352192671712       0.33959282699014343        2.6704398495758053E-003
   1.0655356442524693       0.33742220464383360        3.0262339624032536E-003
   1.1379664058131034       0.33516765737773802        3.3747900644335500E-003
   1.2107968558963591       0.33336493087277974        3.3963697634454698E-003
   1.2839326229245973       0.33194602130021117        3.4100649780376782E-003
   1.3573017734536483       0.33083206483132377        3.4186634241725605E-003
   1.4308487953040547       0.32995138516880429        3.4239703151477197E-003
   1.5045302129644369       0.32924451578832936        3.4270893142167628E-003
   1.5783114939162755       0.32866355509067902        3.4286806643054543E-003
   1.6521648090496255       0.32816973402324540        3.4291345505763913E-003
   1.7260673401161066       0.32773076789385591        3.4286758326456208E-003
   1.7999999523162842       0.32731846562910027        3.4278084849524121E-003
 -0.80000001192092896       0.37581863925009606        3.7436720687402283E-003
 -0.72676826626382662       0.37660348509209290        3.7439633356914945E-003
 -0.65357444296949996       0.37743545694589065        3.7436495551861557E-003
 -0.58043525110554406       0.37836386919174470        3.7419740115037631E-003
 -0.50737216212964764       0.37944372358285378        3.7382783504321814E-003
 -0.43441288673103196       0.38073803904490938        3.7315164700075240E-003
 -0.36159340967810355       0.38231862861090810        3.7200410059633386E-003
 -0.28896071729036377       0.38426281790847228        3.7013558425995599E-003
 -0.21657623227279862       0.38664121825179731        3.6719857875877025E-003
 -0.14451949697852687       0.38948925802949824        3.6279025050098084E-003
  -7.2890574486288467E-002  0.39275769100626062        3.2690064679576523E-003
  -1.3698845044765529E-002  0.39565283443199756        2.9105261542811682E-003
   4.4831639201476765E-002  0.39852215609161146        2.8480619088933766E-003
  0.10282835977567746       0.40118088403917890        2.7939348760964242E-003
  0.16039576589586860       0.40346797197023487        2.7499480237925047E-003
  0.21761968625034486       0.40526973401709177        2.7166894987432095E-003
  0.27457191739965203       0.40652327893056289        2.6937889364500593E-003
  0.33131398499224712       0.40720853185964417        2.6803442974893143E-003
  0.38790005851342180       0.40733699998266742        2.6752711976342049E-003
  0.44437929237343898       0.40694163418719409        2.6775189347008625E-003
  0.50079784828442986       0.40606923654647809        2.6861783465341230E-003
  0.55720077634689036       0.40477543218088402        2.7005205692037545E-003
  0.61363387801412217       0.40312172952702857        2.7199963188382480E-003
  0.67014564927567066       0.40117410699148848        2.7442129838431456E-003
  0.72678939208535320       0.39900257721071702        2.7728980242925309E-003
  0.78362556694606211       0.39668114302830354        2.8058533630587537E-003
  0.84072441481841975       0.39428741586292920        2.8429074605057325E-003
  0.89816876777380450       0.39190095459722746        2.8838805897235462E-003
  0.95605675839547544       0.38959930630890444        2.9285923250519080E-003
   1.0145038284395171       0.38745124199585895        2.9769446483481339E-003
   1.0736431496451435       0.38550829293033767        3.3237229325153664E-003
   1.1452195038198958       0.38349661884138642        3.6637147065432811E-003
   1.2172076347394114       0.38183842553764180        3.6897432199152623E-003
   1.2895140955174356       0.38049484403419115        3.7076652262857464E-003
   1.3620656674096834       0.37941263400862657        3.7198584879538630E-003
   1.4348048594790341       0.37853813827871846        3.7280540641897318E-003
   1.5076861984551226       0.37782321959006687        3.7334307915052826E-003
   1.5806733494716481       0.37722663576718840        3.7367670492959274E-003
   1.6537368943896160       0.37671334394870265        3.7385687604066520E-003
   1.7268525873024816       0.37625305840171658        3.7391599918080434E-003
   1.7999999523162842       0.37581863925009606        3.7391998535639339E-003
 -0.80000001192092896       0.42953378150296939        4.1240176127196890E-003
 -0.72760675949227682       0.43032950414575827        4.1223379012842801E-003
 -0.65525232819834767       0.43116746604854889        4.1198544103105165E-003
 -0.58295463266429803       0.43209156825060685        4.1156085890833444E-003
 -0.51073623892280651       0.43314883301313617        4.1088251010656454E-003
 -0.43862583350510309       0.43439008152591363        4.0983857545048288E-003
 -0.36666010466043997       0.43586881023346535        4.0826988873946214E-003
 -0.29488607237740494       0.43763650285830413        4.0596015506024347E-003
 -0.22336376818471432       0.43973170920179194        4.0264269078695162E-003
 -0.15216884376918380       0.44216019748364394        3.9804993013984437E-003
  -8.1394175733436630E-002  0.44486703395456495        3.6366012660642238E-003
  -2.1352984691516325E-002  0.44728843555647918        3.2916864647946609E-003
   3.8037841473821790E-002  0.44967555248782576        3.2293737525208783E-003
   9.6895467514959394E-002  0.45189448745747623        3.1750197732982820E-003
  0.15531951785309434       0.45382263133629203        3.1300402424840703E-003
  0.21339425423876446       0.45536598171856713        3.0950805378772519E-003
  0.27119155409200768       0.45646536261716630        3.0700621348750427E-003
  0.32877380905461207       0.45709437979750928        3.0544161624850162E-003
  0.38619645783337309       0.45725346160304853        3.0473316235360812E-003
  0.44351017215857802       0.45696317920113821        3.0479424751680643E-003
  0.50076280617928559       0.45625847212575638        3.0554424697321202E-003
  0.55800122041575084       0.45518431058274167        3.0691423007323812E-003
  0.61527307098564343       0.45379275345636055        3.0884873546195078E-003
  0.67262863584322330       0.45214111311253641        3.1130503473564513E-003
  0.73012273141804263       0.45029083158045297        3.1425085433541369E-003
  0.78781674467123286       0.44830659713874332        3.1766130967638170E-003
  0.84578075161773814       0.44625514855110099        3.2151594040775960E-003
  0.90409559699436381       0.44420316775757301        3.2579717879667393E-003
  0.96285466405524966       0.44221378728733640        3.3049196401356705E-003
   1.0221648963267382       0.44034173984393088        3.3559757721663597E-003
   1.0821465377625377       0.43862813780734666        3.6915951133539098E-003
   1.1528596707332208       0.43686552861159617        4.0205327865401128E-003
   1.2239844315349777       0.43537420630144452        4.0505999659955468E-003
   1.2954309404216637       0.43413412996833700        4.0725143206145767E-003
   1.3671271219200256       0.43311116524165288        4.0882702848089878E-003
   1.4390154305977441       0.43226687586168522        4.0994653682481915E-003
   1.5110498340444665       0.43156389036577364        4.1072888821635832E-003
   1.5831932604515357       0.43096810042554701        4.1125921644958180E-003
   1.6554155038488398       0.43044903483647212        4.1159713293880337E-003
   1.7276915092610694       0.42997932626164909        4.1178375529917245E-003
   1.7999999523162842       0.42953378150296939        4.1190058074505199E-003
 -0.80000001192092896       0.48972185567915405        4.5988048633010545E-003
 -0.72851247048110512       0.49050169542380717        4.5947666205289799E-003
 -0.65706329004866360       0.49131743317584736        4.5897494134110239E-003
 -0.58567097715210725       0.49220628316920029        4.5826222177442616E-003
 -0.51435837687910513       0.49320648328548494        4.5725452696337727E-003
 -0.44315406908520222       0.49435690649263975        4.5584023837032701E-003
 -0.37209404234722254       0.49569509413320639        4.5387399253574209E-003
 -0.30122363592774548       0.49725269737688060        4.5117651439467842E-003
 -0.23059963247198156       0.49904719899996836        4.4754930644289263E-003
 -0.16029219847753268       0.50106948438398524        4.4281677933254819E-003
  -9.0386151195851985E-002  0.50326939565428452        4.1019474793376857E-003
  -2.9495435359012893E-002  0.50526153039141464        3.7732431040749404E-003
   3.0771678233696035E-002  0.50721477625121858        3.7104848890720499E-003
   9.0520354924942689E-002  0.50903265779541862        3.6555293745419168E-003
  0.14984287514810096       0.51062382329994349        3.6094690394122735E-003
  0.20881943464351899       0.51191380321968516        3.5729154237702284E-003
  0.26751987900823088       0.51285112730432669        3.5459596860240110E-003
  0.32600575448458519       0.51340818806149668        3.5282808272138976E-003
  0.38433234508033348       0.51357877242954986        3.5193037856003566E-003
  0.44255058285668197       0.51337419159560604        3.5183435726718519E-003
  0.50070883025092949       0.51281931366046807        3.5247101935513346E-003
  0.55885457449248088       0.51194915518920892        3.5377725471186063E-003
  0.61703608077306316       0.51080622889061222        3.5569889708838174E-003
  0.67530404256154075       0.50943857248768598        3.5819138725893072E-003
  0.73371324972254404       0.50789823196476358        3.6121890400910720E-003
  0.79232426506925047       0.50623988505746564        3.6475275737953561E-003
  0.85120505162961291       0.50451924914303969        3.6876989586624963E-003
  0.91043242242245137       0.50279094727554574        3.7325248855296076E-003
  0.97009309864095639       0.50110567010506402        3.7818941874229500E-003
   1.0302840888502445       0.49950682625912257        3.8357969661367316E-003
   1.0911120947604527       0.49802736476753079        4.1570784635434899E-003
   1.1609527383950384       0.49651956251401413        4.4715092961444981E-003
   1.2311911609875521       0.49521474121949854        4.5052043644800699E-003
   1.3017434508787993       0.49410442972379659        4.5308262591203484E-003
   1.3725410954645489       0.49316810183911070        4.5500384270314139E-003
   1.4435285983534782       0.49237954113417665        4.5642775913679792E-003
   1.5146610722366547       0.49171102571510050        4.5746947250322328E-003
   1.5859020533424779       0.49113556876244563        4.5821715650633619E-003
   1.6572216098779795       0.49062780212740054        4.5873653247699500E-003
   1.7285947313490981       0.49016403488221433        4.5907570974852803E-003
   1.7999999523162842       0.48972185567915405        4.5933092467551079E-003
 -0.80000001192092896       0.55815958725403625        5.2095158896703110E-003
 -0.72950061976670821       0.55889020177881166        5.2026936768282414E-003
 -0.65903736308227767       0.55964936092271400        5.1947600478636545E-003
 -0.58862843008049082       0.56046676134279438        5.1844573289152544E-003
 -0.51829583061460172       0.56137167683001354        5.1709354292123633E-003
 -0.44806665969392001       0.56239205090402999        5.1531424894820429E-003
 -0.37797453393635577       0.56355245832159206        5.1298125929790635E-003
 -0.30806118518175279       0.56487047791010392        5.0995111970378679E-003
 -0.23837812892804067       0.56635119143771695        5.0607857960852220E-003
 -0.16898823339185884       0.56798017030042902        5.0124660964632993E-003
  -9.9966921372883225E-002  0.56971669937288072        4.7083654214339589E-003
  -3.8226500777176167E-002  0.57131178628901302        4.4003342674444040E-003
   2.2934969534562619E-002  0.57286754803322726        4.3367926736177006E-003
   8.3609362227562281E-002  0.57431556760020175        4.2810117532129967E-003
  0.14387937602067055       0.57558955868368766        4.2338360195684635E-003
  0.20381860976549299       0.57663295279783311        4.1958099828186112E-003
  0.26349245916079506       0.57740382499533793        4.1671159516309250E-003
  0.32295946162724781       0.57787680141495024        4.1476103032033820E-003
  0.38227282307610339       0.57804259252159407        4.1369125697954014E-003
  0.44148197886158147       0.57790612226424776        4.1345051351301546E-003
  0.50063412667852236       0.57748409773737930        4.1398184154365072E-003
  0.55977571669067039       0.57680257211259156        4.1522919898973878E-003
  0.61895390357810842       0.57589476976157095        4.1714116921680606E-003
  0.67821796633877163       0.57479922920597026        4.1967271058320306E-003
  0.73762068994097130       0.57355817995465663        4.2278554928621512E-003
  0.79721967989655584       0.57221599083496322        4.2644786954401191E-003
  0.85707854699693153       0.57081750538576692        4.3063397134041979E-003
  0.91726785775515474       0.56940612434649240        4.3532450338775348E-003
  0.97786570573431519       0.56802162226908337        4.4050759133691959E-003
   1.0389577374646781       0.56669788939371368        4.4618051379157137E-003
   1.1006364857218662       0.56546100522214893        4.7638971355644976E-003
   1.1695935770587573       0.56421482844684256        5.0587287133957229E-003
   1.2389187804384691       0.56311522490206645        5.0955322397761597E-003
   1.3085365091968821       0.56216024282280497        5.1244547375012212E-003
   1.3783843294512417       0.56133853322144023        5.1468905877090207E-003
   1.4484111246288465       0.56063320787484505        5.1641103211769587E-003
   1.5185751569806023       0.56002475835356769        5.1771917841495398E-003
   1.5888422360425212       0.55949291844177540        5.1870084423073989E-003
   1.6591840765582628       0.55901764998406456        5.1942471305917119E-003
   1.7295768567977192       0.55857950505956877        5.1994368638148486E-003
   1.7999999523162842       0.55815958725403625        5.2036644491285722E-003
 -0.80000001192092896       0.63747294875204519        6.0267364786739993E-003
 -0.73059316125823759       0.63811296068030376        6.0166670473173200E-003
 -0.66121798447712621       0.63877372042805247        6.0054219526555963E-003
 -0.59189107312953260       0.63947707084642380        5.9916858090237586E-003
 -0.52263212954743998       0.64024370606920888        5.9746503386631181E-003
 -0.45346503779935332       0.64109218100630661        5.9533773581367322E-003
 -0.38441903872216449       0.64203725567682701        5.9268135144714164E-003
 -0.31553001012870185       0.64308743476636387        5.8938462339874461E-003
 -0.24684182619262338       0.64424175119896010        5.8534188499706650E-003
 -0.17840774287564698       0.64548623162944130        5.8047101314534196E-003
 -0.11029172824529751       0.64679107873168229        5.5301730363485945E-003
  -4.7702278693511180E-002  0.64800929393119511        5.2502920439755386E-003
   1.4374725412339801E-002  0.64919200206487593        5.1860589065261765E-003
   7.6016746624213080E-002  0.65029233679140164        5.1295740273755086E-003
  0.13729469833469315       0.65126412731427996        5.0814933701460356E-003
  0.19827283190319575       0.65206657869476825        5.0422917331107370E-003
  0.25900920931091248       0.65266780278956604        5.0122004352460845E-003
  0.31955656500592827       0.65304677084804308        4.9912041849946341E-003
  0.37996339221837822       0.65319378031076669        4.9790811879118066E-003
  0.44027513599006346       0.65310982192698208        4.9754634170265065E-003
  0.50053541975283056       0.65280529544466581        4.9798982237415886E-003
  0.56078726463221507       0.65229844181079311        4.9919002684273087E-003
  0.62107427868728937       0.65161372725437372        5.0109896161929252E-003
  0.68144179879385613       0.65078028670071530        5.0367164413227744E-003
  0.74193796349086361       0.64983043672289331        5.0686753846734952E-003
  0.80261468345958931       0.64879821075886546        5.1065138465179764E-003
  0.86352846046380971       0.64771785512570024        5.1499387146064076E-003
  0.92474098999881915       0.64662225545932295        5.1987250549829691E-003
  0.98631947354996963       0.64554133607619069        5.2527275942405756E-003
   1.0483365683302646       0.64450057042831255        5.3118910383077476E-003
   1.1108699130279316       0.64351981717860762        5.5869967578584204E-003
   1.1789279950456912       0.64254511764141908        5.8542045969102183E-003
   1.2473053925136308       0.64167070394842340        5.8932713435698777E-003
   1.3159375332538181       0.64089767426951694        5.9248025012557173E-003
   1.3847709243514452       0.64022042374324506        5.9499819982512395E-003
   1.4537615294479036       0.63962881471941158        5.9699173478550095E-003
   1.5228731513187654       0.63911000861300027        5.9855860845750199E-003
   1.5920759249764507       0.63864979526909871        5.9978167531394089E-003
   1.6613449581511357       0.63823343100111452        6.0072916620136519E-003
   1.7306591193288710       0.63784607690288486        6.0145608596628552E-003
   1.7999999523162842       0.63747294875204519        6.0207882183762268E-003
 -0.80000001192092896       0.73178399410779149        7.1817417160796575E-003
 -0.73182433292069704       0.73228185783283162        7.1679306242695652E-003
 -0.66367311010896057       0.73279285475887956        7.1529853072585230E-003
 -0.59555962280602426       0.73333111675963802        7.1356397600262069E-003
 -0.52749937365337085       0.73390957088885300        7.1151753265755952E-003
 -0.45951089550382740       0.73453915712842444        7.0908076187111702E-003
 -0.39161662117687662       0.73522773929927809        7.0617114867586768E-003
 -0.32384383496544450       0.73597869941240768        7.0270673589725649E-003
 -0.25622572785483183       0.73678932015122056        6.9861296099323796E-003
 -0.18880260669000706       0.73764923349918443        6.9383033169611082E-003
 -0.12162339814883909       0.73853941572468906        6.7064720886415687E-003
  -5.8189435636704596E-002  0.73938618068336459        6.4679655116719140E-003
   4.8285772603769003E-003  0.74020557792258079        6.4041358218224218E-003
   6.7492435003897525E-002  0.74096789700316268        6.3479511632591277E-003
  0.12985857212014740       0.74164343760888629        6.2998989638711990E-003
  0.19197840114569456       0.74220521661704597        6.2603962364536254E-003
  0.25389882650971540       0.74263124358546428        6.2297162566511393E-003
  0.31566290549327131       0.74290605824305633        6.2079543235587066E-003
  0.37731062477100724       0.74302144968771755        6.1950294061098371E-003
  0.43887975326305267       0.74297645408463764        6.1907100532740686E-003
  0.50040673234812671       0.74277681659187988        6.1946519465060010E-003
  0.56192756997535709       0.74243411342858090        6.2064373305555937E-003
  0.62347871110374786       0.74196469199309534        6.2256105350733497E-003
  0.68509786053900390       0.74138853142548033        6.2517073898823508E-003
  0.74682473537703997       0.74072807508050764        6.2842790005950416E-003
  0.80870172456580736       0.74000705294687230        6.3229120353348990E-003
  0.87077443568041157       0.73924930193940552        6.3672484314788551E-003
  0.93309211778088053       0.73847760518828909        6.4170072165764102E-003
  0.99570796703896269       0.73771260152069995        6.4720096984259333E-003
   1.0586793453788643       0.73697184939763838        6.5322058803793017E-003
   1.1220679491748971       0.73626914613560024        6.7667443633734961E-003
   1.1892009681316531       0.73558199913831412        6.9925705940785234E-003
   1.2565798370121848       0.73495720095428418        7.0322240895588388E-003
   1.3241549206519643       0.73439657447274531        7.0650092459512070E-003
   1.3918854016651590       0.73389772237090034        7.0919221645468324E-003
   1.4597376728165952       0.73345512932428480        7.1138919615719573E-003
   1.5276840050437259       0.73306116940404764        7.1317600591604040E-003
   1.5957013911447153       0.73270691036862601        7.1462673823062582E-003
   1.6637705253086914       0.73238268567418463        7.1580513331568861E-003
   1.7318748937757138       0.73207845449999687        7.1676499057482549E-003
   1.7999999523162842       0.73178399410779149        7.1762118983257741E-003
 -0.80000001192092896       0.84811856091693527        8.9521792383024795E-003
 -0.73325349459043276       0.84840922803773977        8.9341579236737259E-003
 -0.66652095249603749       0.84870611611897018        8.9152111225392957E-003
 -0.59981018904772399       0.84901612278342886        8.8943004988957016E-003
 -0.53313018533820034       0.84934539922892138        8.8708373792593925E-003
 -0.46649154959920724       0.84969893073633984        8.8442297805678260E-003
 -0.39990699467502000       0.85008002057157328        8.8139111039379370E-003
 -0.33339185302732816       0.85048969081948367        8.7793785878130075E-003
 -0.26696463222916733       0.85092605763458640        8.7402403587932415E-003
 -0.20064760108965696       0.85138379262236696        8.6962663325970743E-003
 -0.13446736344380661       0.85185383264148595        8.5327917279193095E-003
  -7.0207849368537717E-002  0.85231107752914514        8.3619233304609054E-003
  -6.2179225579097764E-003  0.85275335446618450        8.3027079176297633E-003
   5.7545526925256767E-002  0.85316562059280709        8.2504979610805596E-003
  0.12111944258122952       0.85353256507215858        8.2055899015308718E-003
  0.18453656878952798       0.85383991676299353        8.1684128836202272E-003
  0.24782654911384167       0.85407563382104468        8.1393635623909274E-003
  0.31101664987076749       0.85423081740628715        8.1187121952001028E-003
  0.37413233963110704       0.85430026526876224        8.1065584747492883E-003
  0.43719782286629960       0.85428265763357225        8.1028222642619205E-003
  0.50023656055326449       0.85418042368000136        8.1072573494699301E-003
  0.56327178012556911       0.85399936380023800        8.1194787526581887E-003
  0.62632696478723682       0.85374810488965380        8.1389967868205140E-003
  0.68942630926791015       0.85343745320535958        8.1652537252438866E-003
  0.75259513219784269       0.85307969232643011        8.1976614741282750E-003
  0.81586024478715913       0.85268786034377964        8.2356408906766564E-003
  0.87925029508499608       0.85227503469179799        8.2786656178205908E-003
  0.94279614440414994       0.85185365510162736        8.3263162228844889E-003
   1.0065314017129379       0.85143492143826816        8.3783556497084230E-003
   1.0704933706231139       0.85102830749190905        8.4348480261038569E-003
   1.1347249107064266       0.85064122747540638        8.6018565884134063E-003
   1.2008772410272215       0.85027014936957768        8.7596848231914579E-003
   1.2671681554046816       0.84992952130279453        8.7961448210144479E-003
   1.3335703901112821       0.84962046717188333        8.8272729982690670E-003
   1.4000611981187778       0.84934210958793532        8.8537068876824859E-003
   1.4666216932936094       0.84909201191277772        8.8760922815991419E-003
   1.5332361930384861       0.84886660223280164        8.8950540737184093E-003
   1.5998916056127737       0.84866153384121901        8.9111780447012432E-003
   1.6665768740520297       0.84847196310345596        8.9250007981513564E-003
   1.7332824736146781       0.84829274523768283        8.9370054341910369E-003
   1.7999999523162842       0.84811856091693527        8.9481443740727935E-003
 -0.80000001192092896        1.0000000000000000        1.1027566737618363E-002
 -0.73500001281499860        1.0000000000000000        1.1005960583274773E-002
 -0.67000001370906825        1.0000000000000000        1.0983972533113813E-002
 -0.60500001460313801        1.0000000000000000        1.0961165182072548E-002
 -0.54000001549720766        1.0000000000000000        1.0937159003688218E-002
 -0.47500001639127731        1.0000000000000000        1.0911661460860603E-002
 -0.41000001728534702        1.0000000000000000        1.0884498703206617E-002
 -0.34500001817941672        1.0000000000000000        1.0855647775051824E-002
 -0.28000001907348637        1.0000000000000000        1.0825265263517802E-002
 -0.21500001996755602        1.0000000000000000        1.0793706899349238E-002
 -0.15000002086162567        1.0000000000000000        1.0761532619635214E-002
  -8.5000021755695432E-002   1.0000000000000000        1.0729610645835557E-002
  -2.0000022649765081E-002   1.0000000000000000        1.0698745054719532E-002
   4.4999976456165269E-002   1.0000000000000000        1.0669925828773902E-002
  0.10999997556209551        1.0000000000000000        1.0644178116498385E-002
  0.17499997466802586        1.0000000000000000        1.0622480214753491E-002
  0.23999997377395621        1.0000000000000000        1.0605682873911474E-002
  0.30499997287988645        1.0000000000000000        1.0594440484356343E-002
  0.36999997198581691        1.0000000000000000        1.0589162484258669E-002
  0.43499997109174715        1.0000000000000000        1.0589989119721900E-002
  0.49999997019767761        1.0000000000000000        1.0596791315077925E-002
  0.56499996930360785        1.0000000000000000        1.0609191246469366E-002
  0.62999996840953809        1.0000000000000000        1.0626598707952612E-002
  0.69499996751546855        1.0000000000000000        1.0648258208165449E-002
  0.75999996662139879        1.0000000000000000        1.0673302290870171E-002
  0.82499996572732903        1.0000000000000000        1.0700807228893272E-002
  0.88999996483325949        1.0000000000000000        1.0729847655508768E-002
  0.95499996393918973        1.0000000000000000        1.0759546857411137E-002
   1.0199999630451200        1.0000000000000000        1.0789119614044435E-002
   1.0849999621510504        1.0000000000000000        1.0817904982675677E-002
   1.1499999612569807        1.0000000000000000        1.0845387528426764E-002
   1.2149999603629111        1.0000000000000000        1.0871295404416335E-002
   1.2799999594688414        1.0000000000000000        1.0895271111787369E-002
   1.3449999585747716        1.0000000000000000        1.0917227787853799E-002
   1.4099999576807019        1.0000000000000000        1.0937201580182378E-002
   1.4749999567866325        1.0000000000000000        1.0955330003688507E-002
   1.5399999558925628        1.0000000000000000        1.0971829564450702E-002
   1.6049999549984930        1.0000000000000000        1.0986975036496916E-002
   1.6699999541044233        1.0000000000000000        1.1001081929642728E-002
   1.7349999532103535        1.0000000000000000        1.1014492738847706E-002
   1.7999999523162842        1.0000000000000000        1.1027566737618457E-002
