VARIABLES = "X" "Y" 
ZONE I=  41    J=   19
 -0.80000001192092896        0.0000000000000000     
 -0.72000001072883602        0.0000000000000000     
 -0.64000000953674319        0.0000000000000000     
 -0.56000000834465025        0.0000000000000000     
 -0.48000000715255736        0.0000000000000000     
 -0.40000000596046448        0.0000000000000000     
 -0.32000000476837154        0.0000000000000000     
 -0.24000000357627871        0.0000000000000000     
 -0.16000000238418577        0.0000000000000000     
  -8.0000001192092829E-002   0.0000000000000000     
   0.0000000000000000        0.0000000000000000     
   5.0000000000000003E-002   4.4602089554664957E-002
  0.10000000000000001        5.8722143818967620E-002
  0.15000000000000002        6.6983760864784622E-002
  0.20000000000000001        7.1846641918802551E-002
  0.25000000000000000        7.4334200719891608E-002
  0.30000000000000004        7.5019308835821752E-002
  0.35000000000000003        7.4275505767019634E-002
  0.40000000000000002        7.2368894454773111E-002
  0.45000000000000001        6.9499149665645854E-002
  0.50000000000000000        6.5820350277604772E-002
  0.55000000000000004        6.1452585138372533E-002
  0.60000000000000009        5.6488883819410578E-002
  0.65000000000000002        5.0999586638980257E-002
  0.70000000000000007        4.5035223344168644E-002
  0.75000000000000000        3.8628479001300155E-002
  0.80000000000000004        3.1795577738765200E-002
  0.85000000000000009        2.4537282123169087E-002
  0.90000000000000002        1.6839631126404589E-002
  0.95000000000000007        8.6744956946254725E-003
   1.0000000000000000        4.1681862848033020E-009
   1.0799999952316284        0.0000000000000000     
   1.1599999904632567        0.0000000000000000     
   1.2399999856948853        0.0000000000000000     
   1.3199999809265137        0.0000000000000000     
   1.3999999761581421        0.0000000000000000     
   1.4799999713897705        0.0000000000000000     
   1.5599999666213988        0.0000000000000000     
   1.6399999618530274        0.0000000000000000     
   1.7199999570846556        0.0000000000000000     
   1.7999999523162842        0.0000000000000000     
 -0.80000001192092896        2.4614517989953628E-002
 -0.72079865955217826        3.0107971148200869E-002
 -0.64179612305631706        3.3683075236541599E-002
 -0.56294258725695789        3.6278095438803795E-002
 -0.48423516998090388        3.8252014006075627E-002
 -0.40570585638431333        3.9833539604010856E-002
 -0.32743074277949363        4.1219129647023595E-002
 -0.24956220392309592        4.2634900377953124E-002
 -0.17242010075123942        4.4455762147616956E-002
  -9.6769417767363003E-002   4.7565277099908619E-002
  -2.4698985958832364E-002   5.4542854035477643E-002
   3.4656743777026003E-002   7.7496074155102374E-002
   8.8938113873234040E-002   9.1554267872635764E-002
  0.14154421276719334       0.10032158068168058     
  0.19341985960773070       0.10574742853209915     
  0.24491475792295464       0.10879557281972350     
  0.29618749479591572       0.11002774278049401     
  0.34732252563562799       0.10981389026924415     
  0.39837105764922409       0.10841854527947255     
  0.44936794539547481       0.10604110118348110     
  0.50033985736459774       0.10283669838338579     
  0.55130996285531020        9.8928047612163228E-002
  0.60230130922901481        9.4412712564253723E-002
  0.65334010790878450        8.9368091412169615E-002
  0.70446010754333155        8.3855442175903058E-002
  0.75571006724957868        7.7924145552259155E-002
  0.80716915768261988        7.1618102432275843E-002
  0.85898450631567203        6.4989094720545232E-002
  0.91148099785856618        5.8133380223810031E-002
  0.96555623294546644        5.1319100098496974E-002
   1.0244922293354382        4.5556785227796034E-002
   1.0969676892072142        4.3587426041878811E-002
   1.1726286868047884        4.2389687613867216E-002
   1.2497267146419646        4.1438625225993793E-002
   1.3275524699410031        4.0488155905259067E-002
   1.4057930517873816        3.9381690305142790E-002
   1.4842952859434919        3.7979278435924801E-002
   1.5629815241180496        3.6123582861546689E-002
   1.6418185349695313        3.3606226326496492E-002
   1.7208082730831962        3.0080214587422834E-002
   1.7999999523162842        2.4614517989953628E-002
 -0.80000001192092896        5.0503811701663799E-002
 -0.72158883994504375        6.0665939501940630E-002
 -0.64355712400250109        6.7672652464094929E-002
 -0.56581372316381184        7.2847160894110724E-002
 -0.48834865945036982        7.6814437373028260E-002
 -0.41121297859477379        7.9993801348103868E-002
 -0.33452915019958041        8.2740352937572162E-002
 -0.25852933933210914        8.5430992319819946E-002
 -0.18364795936255471        8.8588742790056477E-002
 -0.11073509519595894        9.3142997339302411E-002
  -4.1498350053459088E-002  0.10093772740026344     
   2.0680258153017262E-002  0.11540893228562409     
   7.8023999212989872E-002  0.12731281675985676     
  0.13296743418597440       0.13570347052333273     
  0.18666315600288150       0.14127041774906018     
  0.23965238700199143       0.14464246739367442     
  0.29221292784330050       0.14627228960621511     
  0.34450256631230114       0.14648673923037195     
  0.39662032890678295       0.14553059888422418     
  0.44863494003920512       0.14359363099657485     
  0.50059957220523510       0.14082677282095232     
  0.55256068637220801       0.13735217563226557     
  0.60456457087511328       0.13326990959744991     
  0.65666376106779689       0.12866307658044812     
  0.70892549637506097       0.12360266592422675     
  0.76144574209143323       0.11815370617028809     
  0.81437646103940453       0.11238549721817666     
  0.86798531882427221       0.10639236796178962     
  0.92279855854391568       0.10034145561284187     
  0.97995179109969077        9.4587218263877226E-002
   1.0418392401919392        8.9881906520170238E-002
   1.1111811260987743        8.7101588627410048E-002
   1.1840389485207981        8.5066936416218583E-002
   1.2588359330803942        8.3265701355168836E-002
   1.3347589599925784        8.1372242936862876E-002
   1.4113798051092530        7.9129454626063078E-002
   1.4884650648293181        7.6283605706680538E-002
   1.5658899788438190        7.2541381144717282E-002
   1.6436015342349304        6.7517631322232846E-002
   1.7216081707169910        6.0608336198724050E-002
   1.7999999523162842        5.0503811701663799E-002
 -0.80000001192092896        7.7807169640046123E-002
 -0.72237700777353364        9.2062278391880761E-002
 -0.64529263737335663       0.10231561655059450     
 -0.56862342962057555       0.11002481170691179     
 -0.49234904901465093       0.11598993217559699     
 -0.41652746788522937       0.12077550408627882     
 -0.34130165802690143       0.12485597870299259     
 -0.26693045065935450       0.12870092975738856     
 -0.19385362324334299       0.13286794248954412     
 -0.12280507586053856       0.13812905940282982     
  -5.4939936615272564E-002  0.14555285020146982     
   8.3094318321746737E-003  0.15601225577831629     
   6.7655146517710485E-002  0.16574183098454512     
  0.12451491513018349       0.17331854536500901     
  0.17987014488220296       0.17870425776941878     
  0.23429537989591842       0.18218701346954849     
  0.28812731647753104       0.18407050476921655     
  0.34157338294713208       0.18461259843374425     
  0.39477050931896746       0.18402359029604412     
  0.44781680338973778       0.18247508295189002     
  0.50078966772765732       0.18010858645624361     
  0.55375740316478905       0.17704223332422361     
  0.60678813069314752       0.17337604756742500     
  0.65995860231042947       0.16919660130746500     
  0.71336547265489225       0.16458206977443454     
  0.76714288376109752       0.15960912715168349     
  0.82149352255168206       0.15436417878134051     
  0.87674706607786423       0.14896356077274053     
  0.93346931755584339       0.14359019351234484     
  0.99263148627765418       0.13854931847417876     
   1.0556531736522734       0.13428348950315808     
   1.1234516436981898       0.13107289921870593     
   1.1943921706240932       0.12838267988770372     
   1.2673546021256641       0.12579263012978117     
   1.3416240574999940       0.12295454410157740     
   1.4167648850356243       0.11954441039555616     
   1.4925169520498851       0.11521824683657048     
   1.5687348673749550       0.10957133350827943     
   1.6453584229854787       0.10208047083700474     
   1.7224061007604421        9.1972198124683116E-002
   1.7999999523162842        7.7807169640046123E-002
 -0.80000001192092896       0.10668802716870203     
 -0.72316730608471713       0.12462638297700225     
 -0.64700999221787281       0.13794521242972518     
 -0.57137952670530545       0.14812750787477413     
 -0.49624273029698041       0.15607990868784929     
 -0.42165412353426018       0.16246977156322451     
 -0.34775673161984333       0.16785572925728695     
 -0.27480060879898116       0.17275986814444758     
 -0.20317743220497919       0.17772562043894063     
 -0.13346095763115917       0.18335713766416425     
  -6.6397114048070707E-002  0.19025156434996496     
  -2.6653755480555122E-003  0.19854843621599549     
   5.7987986056370899E-002  0.20657067454306519     
  0.11635632398892494       0.21323916724208514     
  0.17316476857418789       0.21825910394592307     
  0.22892725033170117       0.22169111441582628     
  0.28398635556932644       0.22370391564807751     
  0.33857241266799210       0.22448050070549933     
  0.39284680953312417       0.22418925683029714     
  0.44692995313643841       0.22297781636422132     
  0.50091933670843547       0.22097399608835741     
  0.55490213067542971       0.21828863970047460     
  0.60896534377452227       0.21501891978367582     
  0.66320589478477876       0.21125200215429368     
  0.71774295287817702       0.20706956888602801     
  0.77273565794229127       0.20255415229609697     
  0.82841078168819948       0.19779875271986949     
  0.88510601973807290       0.19292150901718058     
  0.94332946455890732       0.18808528090204216     
   1.0038013066467473       0.18351043018716584     
   1.0673293498078775       0.17943216954507857     
   1.1342523767936086       0.17591747414663614     
   1.2038280835943413       0.17266213446593631     
   1.2753174586320963       0.16931667663385377     
   1.3481552265995744       0.16552681605761413     
   1.4219519719085636       0.16092170314570314     
   1.4964564560781759       0.15508704594089961     
   1.5715234556927720       0.14753074337524044     
   1.6470962629029953       0.13762796934721477     
   1.7232061218167665       0.12450103774306032     
   1.7999999523162842       0.10668802716870203     
 -0.80000001192092896       0.13733992116302549     
 -0.72396231426599877       0.15866638941360131     
 -0.64871431952066982       0.17488952033049540     
 -0.57408746572418956       0.18747423139432334     
 -0.50003374365804698       0.19738783352057501     
 -0.42659606789843951       0.20536655279120009     
 -0.35390289982926360       0.21202556255000743     
 -0.28217464128377157       0.21791504220103081     
 -0.21173457632764164       0.22355170840211161     
 -0.14300895234735314       0.22941716872753165     
  -7.6476060253471562E-002  0.23587070315763414     
  -1.2490823658933786E-002  0.24288672281518356     
   4.9049218540998710E-002  0.24966303029672818     
  0.10859374041887433       0.25550100291260591     
  0.16664657018061804       0.26008495760034928     
  0.22362640759553606       0.26336332442620447     
  0.27984748507756302       0.26540895614262711     
  0.33554028757836668       0.26633970950341124     
  0.39087691353732418       0.26628238393953158     
  0.44599173907932932       0.26535843733738712     
  0.50099690438941380       0.26367933923275522     
  0.55599424411621923       0.26134599995401614     
  0.61108546589159352       0.25845001709157228     
  0.66638226259585887       0.25507600331810670     
  0.72201806611814645       0.25130497622127324     
  0.77816331622310575       0.24721914358108454     
  0.83504598568471333       0.24290845505273273     
  0.89297704074552564       0.23847853729939816     
  0.95237183629264077       0.23405655622538429     
   1.0137339158378387       0.22978325191878490     
   1.0775276515951011       0.22576648497549165     
   1.1438938536471024       0.22198179794924233     
   1.2124634485870103       0.21820341939790799     
   1.2827598766284529       0.21411990779170309     
   1.3543605801273997       0.20937200672071007     
   1.4269433509592593       0.20355364043638829     
   1.5002867824233623       0.19619596007328166     
   1.5742605644723238       0.18674006027557177     
   1.6488198075813836       0.17448879173864801     
   1.7240106527315182       0.15850313255118276     
   1.7999999523162842       0.13733992116302549     
 -0.80000001192092896       0.16999431252824906     
 -0.72476351433286279       0.19449474391379321     
 -0.65040879390461626       0.21348305094798836     
 -0.57675038679790180       0.22839260023758684     
 -0.50372387529658724       0.24022368199453759     
 -0.43135480261936821       0.24975780175991605     
 -0.35974795073171961       0.25764803367686651     
 -0.28908419737556895       0.26446067972994353     
 -0.21961647162405012       0.27069082062326238     
 -0.15165212448757148       0.27674812017280404     
  -8.5500133853984417E-002  0.28289183361559755     
  -2.1361257437925135E-002  0.28910317626772630     
   4.0811407669967784E-002  0.29499045451033851     
  0.10128113958067214       0.30013508191290938     
  0.16039011256199906       0.30428644283431028     
  0.21846197803369297       0.30735885117744682     
  0.27576658178366953       0.30937021915552021     
  0.33251892526966703       0.31039054359143986     
  0.38889011819448022       0.31051102369114936     
  0.44502026670069145       0.30982810855062770     
  0.50103013425958787       0.30843609644173603     
  0.55703124165144802       0.30642424207955221     
  0.61313502999617564       0.30387625099493054     
  0.66946197805055974       0.30087118456011336     
  0.72615158631411059       0.29748538828567161     
  0.78337391552778313       0.29379525749600377     
  0.84134245191351831       0.28988043040121408     
  0.90032530968102087       0.28582601720913969     
  0.96064514120467415       0.28172010659937008     
   1.0226467013188238       0.27763888074771553     
   1.0866051032579636       0.27360996321606779     
   1.1525869964211870       0.26955837856250858     
   1.2203925364833770       0.26527775718693131     
   1.2897146569221658       0.26046991583523349     
   1.3602479406578671       0.25476684342574191     
   1.4317399428459148       0.24773348188437772     
   1.5040089467009030       0.23885766261182789     
   1.5769486436702798       0.22752902750359233     
   1.6505317532590877       0.21299861794177891     
   1.7248209438304289       0.19429134180721377     
   1.7999999523162842       0.16999431252824906     
 -0.80000001192092896       0.20493126130677913     
 -0.72557158543528089       0.23244866977619807     
 -0.65209491299255673       0.25407984871223505     
 -0.57936933998733764       0.27122687054908512     
 -0.50731295988826364       0.28490933429800119     
 -0.43593055287019589       0.29594100962755038     
 -0.36529885729087597       0.30500337763752555     
 -0.29555703627059754       0.31267613989410997     
 -0.22689473967660692       0.31944478778243063     
 -0.15952941239889637       0.32568729122106915     
  -9.3663347952855650E-002  0.33163595800835549     
  -2.9417809776148791E-002  0.33732436015020067     
   3.3230656267981704E-002  0.34257902405616797     
   9.4441921419863309E-002  0.34717023532269198     
  0.15444770970229355       0.35092982914111465     
  0.21349124654066881       0.35378010422620831     
  0.27179468246113925       0.35571576594064991     
  0.32954899961020856       0.35677694465847537     
  0.38691579237707274       0.35702796022526678     
  0.44403374849820770       0.35654378506092088     
  0.50102636535418976       0.35540234070348620     
  0.55800964619549165       0.35368052359111396     
  0.61509957113948277       0.35145248115227068     
  0.67241953925237363       0.34878924454774751     
  0.73010799718625097       0.34575916528011863     
  0.78832610617541643       0.34242866223414137     
  0.84726428933068054       0.33886249692965204     
  0.90714435561128348       0.33512202278305281     
  0.96821032619809211       0.33125855336637638     
   1.0306977456369750       0.32729784258520989     
   1.0947754604897570       0.32321332089769705     
   1.1604785899088206       0.31889456717644316     
   1.2276904172653809       0.31413072959735105     
   1.2962111300094521       0.30862117829033625     
   1.3658246743674070       0.30198456722440586     
   1.4363416313791308       0.29375948070978219     
   1.5076221007927095       0.28339704249226144     
   1.5795880226968508       0.27024468925059414     
   1.6522330374083436       0.25351323638524270     
   1.7256373787902746       0.23220357690188667     
   1.7999999523162842       0.20493126130677913     
 -0.80000001192092896       0.24249401438256105     
 -0.72638660022262325       0.27290969684854510     
 -0.65377278555578822       0.29706807745071151     
 -0.58194362314532111       0.31634746456360302     
 -0.51079933343402628       0.33178451826373684     
 -0.44032278637014055       0.34422247136264944     
 -0.37056212472541344       0.35437032420078957     
 -0.30161752403819431       0.36282509103648514     
 -0.23362601990970785       0.37007629019595201     
 -0.16673952698374919       0.37649808848523453     
 -0.10109267961424447       0.38233170909574204     
  -3.6762996722436825E-002  0.38766916539858221     
   2.6261380804538624E-002  0.39246747788766295     
   8.8080664125585517E-002  0.39662344481012712     
  0.14885283650639899       0.40004374762467554     
  0.20875827627303195       0.40267668280775604     
  0.26797509583254941       0.40451412597153380     
  0.32666721608049293       0.40558115622543867     
  0.38498144398197387       0.40592411968368869     
  0.44304952577825973       0.40560114861291241     
  0.50099250141191354       0.40467570310261580     
  0.55892594730773404       0.40321254054262112     
  0.61696547687402881       0.40127535370616679     
  0.67523222444957531       0.39892543587509049     
  0.73385805482292932       0.39622082830055022     
  0.79298991606511826       0.39321535976760258     
  0.85279200248775588       0.38995673828118210     
  0.91344316638448664       0.38648238967862741     
  0.97512567992383370       0.38281122269803031     
   1.0380015847809412       0.37892956073038087     
   1.1021778640750315       0.37477138069740651     
   1.1676740430873866       0.37019758259629698     
   1.2344172691455360       0.36498313047157094     
   1.3022754819126006       0.35881583926148009     
   1.3710979568311397       0.35129692892530340     
   1.4407477649302074       0.34193857472006522     
   1.5111240099312766       0.33015723356128412     
   1.5821772839001973       0.31526092730702010     
   1.6539231532284999       0.29642314334366116     
   1.7264596811353090       0.27262235512853039     
   1.7999999523162842       0.24249401438256105     
 -0.80000001192092896       0.28310958475848635     
 -0.72720817537518978       0.31632537552682205     
 -0.65544143353622275       0.34288670333214138     
 -0.58447121195787521       0.36416172697831034     
 -0.51418039767249746       0.38121262987998839     
 -0.44453083895639672       0.39491935943343515     
 -0.37554437479260205       0.40602543475547231     
 -0.30728771494330054       0.41515378468629732     
 -0.23985655841424386       0.42281078166795855     
 -0.17335624593777699       0.42938454793208003     
 -0.10787811450523380       0.43514106275428482     
  -4.3474403441353879E-002  0.44022527814607926     
   1.9860110057657195E-002  0.44467973916315212     
   8.2189656343932285E-002  0.44848758342776346     
  0.14362301548234555       0.45161627238627416     
  0.20429334744143113       0.45404464062269778     
  0.26434117924088624       0.45577263548235858     
  0.32390383352759261       0.45682058605945980     
  0.38311076095624302       0.45722433231451598     
  0.44208297417768089       0.45702979851681902     
  0.50093489971002969       0.45628842764589889     
  0.55977746903711334       0.45505374442093371     
  0.61872170713034258       0.45337884459507599     
  0.67788231181196112       0.45131445062743669     
  0.73738073045759134       0.44890710008951262     
  0.79734702963659621       0.44619692606682954     
  0.85791943483884003       0.44321430470704226     
  0.91923991613354894       0.43997441851442493     
  0.98144403605095265       0.43646868600861710     
   1.0446443764784852       0.43265241107299757     
   1.1089103380860614       0.42842935451125258     
   1.1742525434661217       0.42363607230931188     
   1.2406226636450395       0.41802999206297370     
   1.3079316796269753       0.41128259407501083     
   1.3760752759184820       0.40297432106411796     
   1.4449577583233042       0.39258881283568431     
   1.5145116367581835       0.37950553192954206     
   1.5847137294275810       0.36298925644643198     
   1.6556004820072510       0.34217027474590200     
   1.7272870775092526       0.31599655882479855     
   1.7999999523162842       0.28310958475848635     
 -0.80000001192092896       0.32731846562910027     
 -0.72803561746095957       0.36323618675167507     
 -0.65709913039533929       0.39204513459727564     
 -0.58694927802568009       0.41512540199440601     
 -0.51745327963590815       0.43358525159864086     
 -0.44855462184066641       0.44835915577539320     
 -0.38025307805420266       0.46023938636322925     
 -0.31258867923985190       0.46988654802854252     
 -0.24562618885241241       0.47783487488214854     
 -0.17943852925686635       0.48449666821669307     
 -0.11408909949910694       0.49016776829413722     
  -4.9614977440240987E-002  0.49503742210902879     
   1.3984839459552399E-002  0.49920725172857994     
   7.6751942962533765E-002  0.50272025070067228     
  0.13876190436546587       0.50559053839543333     
  0.20011297660747682       0.50782531756128868     
  0.26091493366477414       0.50943685217852241     
  0.32128078326856657       0.51044671053470669     
  0.38132196931187257       0.51088555189631235     
  0.44114651597817500       0.51079097461035861     
  0.50085922049176179       0.51020485477896782     
  0.56056306242791420       0.50917078775840852     
  0.62036116094759175       0.50773176250730234     
  0.68035872567599265       0.50592793784836243     
  0.74066445660346858       0.50379423106081933     
  0.80139075069391164       0.50135729703780907     
  0.86265191724607515       0.49863134627450201     
  0.92455953186169759       0.49561215889838961     
  0.98721435590976181       0.49226871187460375     
   1.0506953092134454       0.48853221697140403     
   1.1150479835975307       0.48428316177876618     
   1.1802773464458918       0.47933787870285577     
   1.2463494006401055       0.47343640238815188     
   1.3132026757924837       0.46623217822538765     
   1.3807650876697972       0.45728253136206376     
   1.4489717712714416       0.44603907013221133     
   1.5177818133400469       0.43183803749589339     
   1.5871939329224327       0.41389039357879170     
   1.6572626627156142       0.39126774696782546     
   1.7281184581685263       0.36286841986929663     
   1.7999999523162842       0.32731846562910027     
 -0.80000001192092896       0.37581863925009606     
 -0.72886810379337608       0.41431127202586532     
 -0.65874381273669824       0.44514660991928306     
 -0.58937481165132610       0.46975359303494557     
 -0.52061559421458248       0.48932319119243856     
 -0.45239542087521417       0.50487411571524698     
 -0.38469741019612502       0.51726807124002061     
 -0.31754192345281512       0.52721654627985159     
 -0.25097166290601020       0.53528981360698469     
 -0.18503741932218576       0.54192851991814339     
 -0.11978441673490635       0.54745701331350638     
  -5.5240329769539624E-002  0.55209898845033190     
   8.5930205016792917E-003  0.55599685739399751     
   7.1742460326297164E-002  0.55923459815580223     
  0.13426075077820240       0.56186027946454919     
  0.19622037645944729       0.56390420225503746     
  0.25770643970052715       0.56539093581983446     
  0.31881057609316915       0.56634580613086571     
  0.37962674211683106       0.56679742341860639     
  0.44024891106084468       0.56677783441558482     
  0.50077029303444143       0.56632144036224796     
  0.56128355959185516       0.56546333549070704     
  0.62188155303647308       0.56423734369029011     
  0.68265798889666829       0.56267377234735727     
  0.74370766686060685       0.56079672392200430     
  0.80512568781397598       0.55862067315260733     
  0.86700517705006808       0.55614592131809637     
  0.92943313514480852       0.55335250299008298     
  0.99248442264315762       0.55019220042355466     
   1.0562146468263947       0.54657857176743518     
   1.1206537551392997       0.54237529990620215     
   1.1858029064092745       0.53738352412585555     
   1.2516368021304400       0.53132879108497155     
   1.3181117523675545       0.52384772555846582     
   1.3851776124378594       0.51447401570815265     
   1.4527914794986521       0.50262370380608723     
   1.5209320098520629       0.48758083943685432     
   1.5896143902410047       0.46848538145954771     
   1.6589070330453821       0.44432342496671129     
   1.7289525731534876       0.41390937266016564     
   1.7999999523162842       0.37581863925009606     
 -0.80000001192092896       0.42953378150296939     
 -0.72970494900579241       0.47039788844491159     
 -0.66037362176775860       0.50291539272640395     
 -0.59174538814465183       0.52862816386455702     
 -0.52366633863857870       0.54886997296390316     
 -0.45605681842824219       0.56478704463392271     
 -0.38888923979699108       0.57733565374549622     
 -0.32217084639465571       0.58728979816406734     
 -0.25592941778318640       0.59525901491335997     
 -0.19020088429337692       0.60171021322100726     
 -0.12501848323242598       0.60698965031232521     
  -6.0403792736780031E-002  0.61134409786074717     
   3.6395043539625442E-003  0.61494164139149232     
   6.7128344075355076E-002  0.61789215458160607     
  0.13009950130377559       0.62026615594309942     
  0.19260627353257223       0.62211037173989236     
  0.25471405026294341       0.62345908156312224     
  0.31649601741145195       0.62434136241352634     
  0.37802974600737177       0.62478501776346473     
  0.43939491095695449       0.62481815762771198     
  0.50067203597449328       0.62446925578579138     
  0.56194197527208045       0.62376625099712479     
  0.62328576842576422       0.62273500144841631     
  0.68478448639312928       0.62139719034458141     
  0.74651869148699501       0.61976761875371078     
  0.80856715977050275       0.61785070179803747     
  0.87100458854931051       0.61563590479624442     
  0.93389818620884169       0.61309182830268816     
  0.99730336929124275       0.61015869299599179     
   1.0612592714462024       0.60673908974154123     
   1.1257852675912752       0.60268700036235290     
   1.1908799369560568       0.59779514776621501     
   1.2565235157270540       0.59178058050636861     
   1.3226839526430401       0.58426807694154903     
   1.3893257907484706       0.57477081828958843     
   1.4564209786681122       0.56266836658828401     
   1.5239612338578867       0.54718363658752922     
   1.5919723085716475       0.52736323130419860     
   1.6605311967376468       0.50206741391592746     
   1.7297883132811132       0.46996971732984560     
   1.7999999523162842       0.42953378150296939     
 -0.80000001192092896       0.48972185567915405     
 -0.73054603444077093       0.53259120132551807     
 -0.66198766009571863       0.56622520418293731     
 -0.59406013380460687       0.59239443534902325     
 -0.52660695212509234       0.61267029447757071     
 -0.45954576054363044       0.62838268785722184     
 -0.39284424482630637       0.64060604983467639     
 -0.32650219525268687       0.65018066533285190     
 -0.26053787297098702       0.65774932131406316     
 -0.19497728101661693       0.66379486990504488     
 -0.12984549478665774       0.66867300791047790     
  -6.5159828101570380E-002  0.67263961647572656     
  -9.2505157448762975E-004  0.67587380837594735     
   6.2869050395821829E-002  0.67849775743606722     
  0.12624781513566033       0.68059359577466505     
  0.18925002269632576       0.68221714719565729     
  0.25192518933020847       0.68340830314097689     
  0.31433061888804242       0.68419819121390779     
  0.37652877792292488       0.68461360738760868     
  0.43858527134040753       0.68467932410016263     
  0.50056744645038953       0.68441885391595214     
  0.56254348544837574       0.68385411559254472     
  0.62458175470846966       0.68300428487542253     
  0.68675014318221050       0.68188395637374688     
  0.74911512588267426       0.68050061164003028     
  0.81174032997349288       0.67885128631442848     
  0.87468447274496008       0.67691825747001810     
  0.93799870153006581       0.67466353286305003     
   1.0017236020227327       0.67202191372542497     
   1.0658864195986353       0.66889240263367045     
   1.1304992608451820       0.66512769007152039     
   1.1955590680157830       0.66052130669020803     
   1.2610498963169614       0.65479172330377955     
   1.3269475658208760       0.64756227443475345     
   1.3932264065161262       0.63833552763453771     
   1.4598678562984186       0.62646113630353240     
   1.5268711037588727       0.61109818377986747     
   1.5942665956394217       0.59117789918592323     
   1.6621338034204067       0.56538095407438937     
   1.7306251514951452       0.53214877153783813     
   1.7999999523162842       0.48972185567915405     
 -0.80000001192092896       0.55815958725403625     
 -0.73139254162639478       0.60233239552238771     
 -0.66358708280744128       0.63611823222430308     
 -0.59632093205863979       0.66173104497510582     
 -0.52944252725289875       0.68112027608322545     
 -0.46287372838540025       0.69585683269551624     
 -0.39658308733357012       0.70713933508549609     
 -0.33056743469215871       0.71585815588383095     
 -0.26483927303624150       0.72266697602493080     
 -0.19941778919964956       0.72804266131615036     
 -0.13432210746574283       0.73233060043956721     
  -6.9566173043460966E-002  0.73577819348179652     
  -5.1551474819350358E-003  0.73855999150839746     
   5.8916629024077606E-002  0.74079717687007696     
  0.12266614610782094       0.74257296727923061     
  0.18612095820291327       0.74394470792148926     
  0.24931758027015996       0.74495303302134375     
  0.31229952274379713       0.74562841356354825     
  0.37511535788925637       0.74599546809624018     
  0.43781705406105009       0.74607546101859179     
  0.50045865327923678       0.74588739654624236     
  0.56309524001116773       0.74544804356173378     
  0.62578206788123392       0.74477112372682330     
  0.68857367442226447       0.74386578685294080     
  0.75152281702995549       0.74273439838029109     
  0.81467910453251524       0.74136958047566404     
  0.87808728070403352       0.73975038174336660     
  0.94178523951159576       0.73783739651724900     
   1.0058020057150916       0.73556659985475348     
   1.0701560643691006       0.73284158006577171     
   1.1348545104877283       0.72952368829422209     
   1.1998934562328767       0.72541932036870160     
   1.2652599660625494       0.72026304151125065     
   1.3309355721003313       0.71369454728621096     
   1.3969013142270168       0.70522663034327537     
   1.4631444053179399       0.69420079338854257     
   1.5296671001104465       0.67972809773932608     
   1.5964991034112133       0.66061828655031474     
   1.6637156662944508       0.63531607810105684     
   1.7314638854059723       0.60189361107326234     
   1.7999999523162842       0.55815958725403625     
 -0.80000001192092896       0.63747294875204519     
 -0.73224824173000891       0.68153674096590178     
 -0.66517662385013687       0.71377983838769454     
 -0.59853376696746219       0.73725820384740304     
 -0.53218298479588444       0.75446852300297695     
 -0.46605780776328093       0.76723451616041860     
 -0.40013243013746647       0.77683185419077949     
 -0.33440382282651299       0.78414526117130368     
 -0.26888096802459860       0.78979179824932755     
 -0.20357792801482197       0.79420562691261853     
 -0.13850896604205412       0.79769402436242764     
  -7.3684941283538877E-002  0.80047453645667166     
  -9.1107370850423437E-003  0.80270036595931638     
   5.5216305765054680E-002  0.80447847819612350     
  0.11930697501373543       0.80588301796592243     
  0.18317991589810698       0.80696543532125831     
  0.24686073243894874       0.80776206190022404     
  0.31038073850156389       0.80829958462712359     
  0.37377561098045481       0.80859876198565561     
  0.43708412032179295       0.80867669686434995     
  0.50034701809947957       0.80854795234285193     
  0.56360607548453712       0.80822475018490003     
  0.62690320600676108       0.80771642796532761     
  0.69027957677963214       0.80702825941075895     
  0.75377461493707765       0.80615967251702092     
  0.81742484932259329       0.80510183595631024     
  0.88126258911613398       0.80383452554736212     
  0.94531452474162714       0.80232212172743334     
   1.0096004274594403       0.80050850881788527     
   1.0741321973429665       0.79831051582744561     
   1.1389135340786205       0.79560930565651011     
   1.2039404606157318       0.79223870995052625     
   1.2692028281428580       0.78796881599450375     
   1.3346868307041362       0.78248199756133729     
   1.4003785543360889       0.77533686802090840     
   1.4662687863913841       0.76591322128746542     
   1.5323598307242687       0.75332842271728517     
   1.5986760514734553       0.73631594064688444     
   1.6652813381377514       0.71307099459237455     
   1.7323079367455601       0.68112822749225810     
   1.7999999523162842       0.63747294875204519     
 -0.80000001192092896       0.73178399410779149     
 -0.73312177694448055       0.77270596963728211     
 -0.66676632806066805       0.80036345628459704     
 -0.60070956302143530       0.81931622220169231     
 -0.53484358900875573       0.83264194521466317     
 -0.46912114449891618       0.84225431559791619     
 -0.40352536069004735       0.84934583753861681     
 -0.33805483096551847       0.85467902533858775     
 -0.27271589079218883       0.85875657291704999     
 -0.20751809669176272       0.86191894894426879     
 -0.14247117655350588       0.86440129628568174     
  -7.7582785609835836E-002  0.86636778470033349     
  -1.2856864783005118E-002  0.86793336163032875     
   5.1707427326274688E-002  0.86917829709908090     
  0.11611621085243373       0.87015842266840704     
  0.18038085612914678       0.87091259720264291     
  0.24451753725624853       0.87146820485364529     
  0.30854651302234964       0.87184513103383854     
  0.37249128087057920       0.87205850256775475     
  0.43637771695143307       0.87212041237929272     
  0.50023326527100131       0.87204081523027255     
  0.56408618846293468       0.87182774994314749     
  0.62796485433667948       0.87148700631623255     
  0.69189701298109274       0.87102131248887149     
  0.75590902121735981       0.87042907437027173     
  0.82002499381903693       0.86970265496695776     
  0.88426590052061138       0.86882613629346706     
  0.94864867714647638       0.86777245253952640     
   1.0131854664378082       0.86649970443496172     
   1.0778831340534876       0.86494633305188195     
   1.1427432036941514       0.86302459925581743     
   1.2077623179524539       0.86061140317045826     
   1.2729332723708173       0.85753474664584384     
   1.3382466250534502       0.85355283073798027     
   1.4036929072604625       0.84832039079834720     
   1.4692656276272800       0.84133246816475904     
   1.5349657103355598       0.83182782271385813     
   1.6008090363852547       0.81862082714643258     
   1.6668409652691101       0.79981474880035008     
   1.7331656614045301       0.77236766681529379     
   1.7999999523162842       0.73178399410779149     
 -0.80000001192092896       0.84811856091693527     
 -0.73403031302440758       0.87869330136862278     
 -0.66837140544464513       0.89637130547171906     
 -0.60286236569716078       0.90751188979250053     
 -0.53744342165432490       0.91498712126617188     
 -0.47209191309443777       0.92023676557582412     
 -0.40680059966871579       0.92404853740028081     
 -0.34156944422850555       0.92688675426633682     
 -0.27640193021638848       0.92904220579009023     
 -0.21130301433760273       0.93070558345255405     
 -0.14627774057410414       0.93200600124714605     
  -8.1330191920458456E-002  0.93303258799443822     
  -1.6462691915683059E-002  0.93384741821327599     
   4.8324748692435616E-002  0.93449378579456366     
  0.11303472972390043       0.93500183174372575     
  0.17767251138369264       0.93539255326970472     
  0.24224585210648475       0.93568072300439753     
  0.30676469239036908       0.93587699929442036     
  0.37124074916237570       0.93598939273155080     
  0.43568707588367439       0.93602420375649031     
  0.50011762385543623       0.93598652312612485     
  0.56454681775936588       0.93588037139878510     
  0.62898914024538033       0.93570853717030289     
  0.69345871089863009       0.93547215482081314     
  0.75796884610820370       0.93517004171010654     
  0.82253159778122509       0.93479779259352180     
  0.88715728787507131       0.93434660409732029     
  0.95185407761862595       0.93380176967619277     
   1.0166276285823821       0.93314073597189451     
   1.0814809205364528       0.93233052777986702     
   1.1464142835740891       0.93132420093112056     
   1.2114256799826972       0.93005571531440268     
   1.2765112432436367       0.92843212504407613     
   1.3416660632650204       0.92632102660126370     
   1.4068852206708384       0.92352926003993230     
   1.4721651531589868       0.91976466201678153     
   1.5375056655608563       0.91456307270258763     
   1.6029135257944265       0.90713954779164396     
   1.6684104505137514       0.89606283859275393     
   1.7340541110738783       0.87848487359744953     
   1.7999999523162842       0.84811856091693527     
 -0.80000001192092896        1.0000000000000000     
 -0.73500001281499860        1.0000000000000000     
 -0.67000001370906825        1.0000000000000000     
 -0.60500001460313801        1.0000000000000000     
 -0.54000001549720766        1.0000000000000000     
 -0.47500001639127731        1.0000000000000000     
 -0.41000001728534702        1.0000000000000000     
 -0.34500001817941672        1.0000000000000000     
 -0.28000001907348637        1.0000000000000000     
 -0.21500001996755602        1.0000000000000000     
 -0.15000002086162567        1.0000000000000000     
  -8.5000021755695432E-002   1.0000000000000000     
  -2.0000022649765081E-002   1.0000000000000000     
   4.4999976456165269E-002   1.0000000000000000     
  0.10999997556209551        1.0000000000000000     
  0.17499997466802586        1.0000000000000000     
  0.23999997377395621        1.0000000000000000     
  0.30499997287988645        1.0000000000000000     
  0.36999997198581691        1.0000000000000000     
  0.43499997109174715        1.0000000000000000     
  0.49999997019767761        1.0000000000000000     
  0.56499996930360785        1.0000000000000000     
  0.62999996840953809        1.0000000000000000     
  0.69499996751546855        1.0000000000000000     
  0.75999996662139879        1.0000000000000000     
  0.82499996572732903        1.0000000000000000     
  0.88999996483325949        1.0000000000000000     
  0.95499996393918973        1.0000000000000000     
   1.0199999630451200        1.0000000000000000     
   1.0849999621510504        1.0000000000000000     
   1.1499999612569807        1.0000000000000000     
   1.2149999603629111        1.0000000000000000     
   1.2799999594688414        1.0000000000000000     
   1.3449999585747716        1.0000000000000000     
   1.4099999576807019        1.0000000000000000     
   1.4749999567866325        1.0000000000000000     
   1.5399999558925628        1.0000000000000000     
   1.6049999549984930        1.0000000000000000     
   1.6699999541044233        1.0000000000000000     
   1.7349999532103535        1.0000000000000000     
   1.7999999523162842        1.0000000000000000     
