VARIABLES = "X" "Y" "J"
ZONE I=  41    J=   19
 -0.80000001192092896        0.0000000000000000        1.9181704389089975E-003
 -0.72000001072883602        0.0000000000000000        2.4543771574484859E-003
 -0.64000000953674319        0.0000000000000000        2.8398854009202275E-003
 -0.56000000834465025        0.0000000000000000        3.1562794496199829E-003
 -0.48000000715255736        0.0000000000000000        3.4256341726227289E-003
 -0.40000000596046448        0.0000000000000000        3.6610049602278875E-003
 -0.32000000476837154        0.0000000000000000        3.8762391560134869E-003
 -0.24000000357627871        0.0000000000000000        4.0926719152997153E-003
 -0.16000000238418577        0.0000000000000000        4.3540409193027043E-003
  -8.0000001192092829E-002   0.0000000000000000        4.7722676218438587E-003
   0.0000000000000000        0.0000000000000000        5.3600861253883577E-003
   5.0000000000000003E-002   4.4602089554664957E-002   2.5427144405798922E-003
  0.10000000000000001        5.8722143818967620E-002   2.1541013806621041E-003
  0.15000000000000002        6.6983760864784622E-002   2.1296620216340340E-003
  0.20000000000000001        7.1846641918802551E-002   2.1462660378373001E-003
  0.25000000000000000        7.4334200719891608E-002   2.1759218123390688E-003
  0.30000000000000004        7.5019308835821752E-002   2.2109696797215821E-003
  0.35000000000000003        7.4275505767019634E-002   2.2483350825555533E-003
  0.40000000000000002        7.2368894454773111E-002   2.2864703614943363E-003
  0.45000000000000001        6.9499149665645854E-002   2.3245103370878894E-003
  0.50000000000000000        6.5820350277604772E-002   2.3619813041873064E-003
  0.55000000000000004        6.1452585138372533E-002   2.3986946597136854E-003
  0.60000000000000009        5.6488883819410578E-002   2.4347249689717358E-003
  0.65000000000000002        5.0999586638980257E-002   2.4704490732639427E-003
  0.70000000000000007        4.5035223344168644E-002   2.5066616201446113E-003
  0.75000000000000000        3.8628479001300155E-002   2.5448333818397471E-003
  0.80000000000000004        3.1795577738765200E-002   2.5877062307804420E-003
  0.85000000000000009        2.4537282123169087E-002   2.6408285278574852E-003
  0.90000000000000002        1.6839631126404589E-002   2.7171682234578445E-003
  0.95000000000000007        8.6744956946254725E-003   2.8536118926815934E-003
   1.0000000000000000        4.1681862848033020E-009   3.8928155956574955E-003
   1.0799999952316284        0.0000000000000000        4.3358083205805699E-003
   1.1599999904632567        0.0000000000000000        4.1476399771439186E-003
   1.2399999856948853        0.0000000000000000        3.9832527691112431E-003
   1.3199999809265137        0.0000000000000000        3.8139299881710500E-003
   1.3999999761581421        0.0000000000000000        3.6244040284471373E-003
   1.4799999713897705        0.0000000000000000        3.4042657760097097E-003
   1.5599999666213988        0.0000000000000000        3.1444118745779502E-003
   1.6399999618530274        0.0000000000000000        2.8340702061383453E-003
   1.7199999570846556        0.0000000000000000        2.4523363353611445E-003
   1.7999999523162842        0.0000000000000000        1.9181702959941722E-003
 -0.80000001192092896        2.4614517989953628E-002   2.0033180097709744E-003
 -0.72079449419655583        3.0891329269495667E-002   2.4638866586013516E-003
 -0.64184461922230018        3.5588882347640800E-002   2.8206800108695963E-003
 -0.56311951212264566        3.9470966798456734E-002   3.1152156760615550E-003
 -0.48462455915917202        4.2776430010131726E-002   3.3625804304852477E-003
 -0.40639625370760585        4.5654306914943946E-002   3.5720832919677683E-003
 -0.32851795781677995        4.8257592198369559E-002   3.7516847964636580E-003
 -0.25115970549937761        5.0803228155698932E-002   3.9093876964708006E-003
 -0.17467790500833022        5.3689891953816744E-002   4.0534972432368557E-003
  -9.9884086253397508E-002   5.7829005547058922E-002   4.1917259214345618E-003
  -2.8765914551127199E-002   6.5580272567887649E-002   4.2955351044940563E-003
   3.1298842848698473E-002   8.6489417293299564E-002   2.8720677694258926E-003
   8.6296343933706054E-002  0.10035878670050152        2.4958166428931264E-003
  0.13944833790276917       0.10931268431459433        2.3682437999908361E-003
  0.19175551587372161       0.11499275457843543        2.3272380236267452E-003
  0.24361274846925168       0.11829493877798535        2.3224903427502878E-003
  0.29520505165591610       0.11976449154300638        2.3353295551487071E-003
  0.34663239888173375       0.11976728796920401        2.3575820678640932E-003
  0.39795586578471431       0.11856683828922167        2.3851987429321228E-003
  0.44921726747424845       0.11636202871537075        2.4160172603157567E-003
  0.50044875020144564       0.11330729616128035        2.4488818329325896E-003
  0.55167830279271679       0.10952433715633884        2.4832801478524239E-003
  0.60293374125996069       0.10510951718355684        2.5192181539178920E-003
  0.65424663623906110       0.10013912312046008        2.5572475970523376E-003
  0.70565762278998334        9.4673816383021428E-002   2.5986606955044574E-003
  0.75722553582379815        8.8763590382952312E-002   2.6459826952901478E-003
  0.80904607669672801        8.2455393703155397E-002   2.7041691007438948E-003
  0.86129592285181733        7.5808727578421276E-002   2.7837944487425306E-003
  0.91435343511963929        6.8935492136310519E-002   2.9108569608049103E-003
  0.96918683268323913        6.2123151439385058E-002   3.1635837968976561E-003
   1.0288822572824192        5.6305970411865282E-002   3.7062344300881496E-003
   1.1002915968103530        5.3584310666627270E-002   3.9147574316624684E-003
   1.1750441158370302        5.1512749079643746E-002   3.8960370441342520E-003
   1.2514429488043801        4.9581938518106723E-002   3.8156195946827394E-003
   1.3287282165648062        4.7534906580497457E-002   3.6940384834250255E-003
   1.4065485755191698        4.5217883496814958E-002   3.5362460479236163E-003
   1.4847313517318286        4.2515908871633999E-002   3.3405887377597411E-003
   1.5631901267631743        3.9323274062114291E-002   3.1023217907896606E-003
   1.6418861152359274        3.5514835572497190E-002   2.8138581857731892E-003
   1.7208125169248718        3.0864425039482699E-002   2.4610699509707776E-003
   1.7999999523162842        2.4614517989953628E-002   2.0029294623120871E-003
 -0.80000001192092896        5.0503811701663799E-002   2.0921044521324947E-003
 -0.72158095172965686        6.2205889056097238E-002   2.4884107144529173E-003
 -0.64364658829190691        7.1358395425497240E-002   2.8160819658734275E-003
 -0.56613736622758004        7.8976882129133091E-002   3.0883754796692587E-003
 -0.48905486819282712        8.5464867001106823E-002   3.3142468080051683E-003
 -0.41245251914233583        9.1092105017909222E-002   3.4999213778852270E-003
 -0.33645402923228346        9.6124391337152643E-002   3.6494757490036136E-003
 -0.26129612800333207       0.10089611626494191        3.7637390889766736E-003
 -0.18741448107333084       0.10590854645470604        3.8359491342470401E-003
 -0.11560852461885074       0.11200933341994740        3.8391216520022821E-003
  -4.7300564109966949E-002  0.12064440764573728        3.6901720058394984E-003
   1.5175649124332721E-002  0.13392009907357019        3.0984735645480793E-003
   7.3317093803007008E-002  0.14540100879052931        2.7522699052130134E-003
  0.12907087494923111       0.15390554194487013        2.5813954510439793E-003
  0.18349639930269016       0.15979138718892300        2.5013493067881079E-003
  0.23713838461941264       0.16354280910742111        2.4683355263951661E-003
  0.29029330002156389       0.16555569224799158        2.4611359418449442E-003
  0.34313592837719903       0.16613413607761165        2.4690553886795074E-003
  0.39577869407629623       0.16551293941859008        2.4863956758527533E-003
  0.44830099397234369       0.16387648220037207        2.5100004847524106E-003
  0.50076500305319771       0.16137176107860610        2.5381404041623277E-003
  0.55322537481820744       0.15811727310105556        2.5700061663964779E-003
  0.60573653600894894       0.15420943421371255        2.6055116674065459E-003
  0.65835993342042554       0.14972783243017254        2.6453004144630556E-003
  0.71117357956139438       0.14474047755960442        2.6909578018268327E-003
  0.76428756698317357       0.13931050736476144        2.7455396663208791E-003
  0.81787293869050559       0.13350688329465227        2.8147054912681575E-003
  0.87222037311154832       0.12742430445461284        2.9090531952542407E-003
  0.92786560960545827       0.12122350312174071        3.0483329199715238E-003
  0.98585035179131353       0.11521154165735382        3.2629152590212800E-003
   1.0480776479078753       0.10994574440202634        3.5442024034415586E-003
   1.1163734077128493       0.10594202935804622        3.6973377859874654E-003
   1.1880576489045878       0.10235999070951156        3.7277740401693757E-003
   1.2618013143723470        9.8746428909136388E-002   3.6881013007483547E-003
   1.3368372887490816        9.4791370934514632E-002   3.5981475128817070E-003
   1.4127352795401318        9.0261427875298159E-002   3.4657283083047124E-003
   1.4892560338086689        8.4956986013541597E-002   3.2920482723145864E-003
   1.5662720292899242        7.8682794698469380E-002   3.0746244289365449E-003
   1.6437266304051388        7.1207582913436138E-002   2.8083019068037389E-003
   1.7216161840745041        6.2149288119636034E-002   2.4848129389702526E-003
   1.7999999523162842        5.0503811701663799E-002   2.0912923854510086E-003
 -0.80000001192092896        7.7807169640046123E-002   2.1905033174312262E-003
 -0.72236623205442152        9.4342865467398271E-002   2.5402249915465283E-003
 -0.64541640297951164       0.10766921597255860        2.8384518540272631E-003
 -0.56906431223051057       0.11883900641318507        3.0872788239546360E-003
 -0.49329948817850194       0.12835343244624201        3.2911226178970014E-003
 -0.41817498536452719       0.13657208907984728        3.4538513774563873E-003
 -0.34382144533331832       0.14383983866122138        3.5773581634317899E-003
 -0.27047799893097035       0.15054818417576721        3.6598558297002990E-003
 -0.19854202001449384       0.15718935995535305        3.6924978118708109E-003
 -0.12863209621281527       0.16440557015507937        3.6532569502279897E-003
  -6.1608275176664631E-002  0.17294102084735524        3.4998761021929137E-003
   1.6540215916640117E-003  0.18315842450231024        3.1803520501977466E-003
   6.1622964532436500E-002  0.19268900625292809        2.9188276392708430E-003
  0.11931684716421763       0.20039949947656924        2.7528817263793976E-003
  0.17553424735352086       0.20613086406913075        2.6573414020408010E-003
  0.23079180103942551       0.21005264136566965        2.6067838492160179E-003
  0.28541547788996990       0.21240037189218769        2.5845061790998034E-003
  0.33961722803931871       0.21339656775362353        2.5804450935750902E-003
  0.39354265293493262       0.21323274425497654        2.5886115994128399E-003
  0.44729920943462864       0.21206922194214514        2.6054450713420157E-003
  0.50097343215740331       0.21003924522528494        2.6288915918604660E-003
  0.55464248150569484       0.20725363537552369        2.6579231122690282E-003
  0.60838328933211128       0.20380520913629629        2.6923238529617467E-003
  0.66228167757645551       0.19977315918378272        2.7326634263514604E-003
  0.71644382506804871       0.19522801054092140        2.7804406489415020E-003
  0.77101335359585610       0.19023816345448891        2.8384285104420207E-003
  0.82619932290810683       0.18487962778530978        2.9112610485481092E-003
  0.88232347036216907       0.17925128721624356        3.0061275327681325E-003
  0.93989550618550732       0.17349762056979678        3.1324055476975475E-003
  0.99970130177681948       0.16783241646506628        3.2949935256447816E-003
   1.0627541058277781       0.16251581969250439        3.4694341480432595E-003
   1.1296367748921425       0.15764736072547483        3.5823024412310316E-003
   1.1993791992979264       0.15284124208824221        3.6214802917819175E-003
   1.2711471312753735       0.14773563584629501        3.6016664341312322E-003
   1.3443397533341424       0.14201414543205104        3.5334339202508953E-003
   1.4185645888824565       0.13539539497819672        3.4222014673777317E-003
   1.4935811412167816       0.12761426248672730        3.2692153132942666E-003
   1.5692555365699941       0.11840047205633783        3.0728794453649183E-003
   1.6455316039439609       0.10743859048410900        2.8297634064520486E-003
   1.7224177170497030        9.4253479156984621E-002   2.5358313203601929E-003
   1.7999999523162842        7.7807169640046123E-002   2.1892262806850137E-003
 -0.80000001192092896       0.10668802716870203        2.3001004003279616E-003
 -0.72315456632720354       0.12763267449230434        2.6147308839649000E-003
 -0.64716176005562476       0.14485844869344669        2.8853547119153445E-003
 -0.57190928711080746       0.15937377718054205        3.1105917565066210E-003
 -0.49736786258091331       0.17173389427603170        3.2923265110879176E-003
 -0.42357680229251871       0.18236390709951486        3.4330764640238278E-003
 -0.35065116683731651       0.19166467586975111        3.5339070051361304E-003
 -0.27879811061022503       0.20005523805859302        3.5929197602802090E-003
 -0.20833622699268448       0.20799165397801087        3.6035362445649239E-003
 -0.13970206440844912       0.21595386914644060        3.5531888512803267E-003
  -7.3399258883329835E-002  0.22433987125075894        3.4262626964402425E-003
  -9.8024118571506513E-003  0.23314933547446023        3.2233138541792055E-003
   5.1278081509677984E-002  0.24139848495865435        3.0310227141442285E-003
  0.11038540711332188       0.24836817318868568        2.8873370728758141E-003
  0.16806209677702330       0.25380691024225421        2.7917812632156443E-003
  0.22472964069589368       0.25772940156943625        2.7333600041320365E-003
  0.28069171397777282       0.26025706860437642        2.7015596794934971E-003
  0.33616572293640057       0.26154011115870268        2.6886309923721571E-003
  0.39131182938067111       0.26172565149491878        2.6893300533191718E-003
  0.44625427408645862       0.26094658221093270        2.7002552011303701E-003
  0.50109645862381191       0.25931893570439773        2.7193106284391249E-003
  0.55593215911149529       0.25694263733965678        2.7453637615841380E-003
  0.61085494328955481       0.25390366902563322        2.7780642413321012E-003
  0.66596757427219766       0.25027704204661555        2.8177887402784057E-003
  0.72139318394197938       0.24613060705301010        2.8656867287527835E-003
  0.77729027943865570       0.24153005187237947        2.9237957026361470E-003
  0.83387391109755238       0.23654552725496208        2.9951256029609038E-003
  0.89144431666304902       0.23125983108838477        3.0833656904815428E-003
  0.95041773432505816       0.22577563401006889        3.1912031347351164E-003
   1.0113302865402185       0.22021158699697055        3.3151608742127098E-003
   1.0747303256879452       0.21466139484874866        3.4364539769102982E-003
   1.1408509843944441       0.20908852457221316        3.5220245927707582E-003
   1.2092990246703050       0.20323870276520561        3.5593394799269050E-003
   1.2795804948233100       0.19680185457868310        3.5499328475400737E-003
   1.3512688773096666       0.18945889965593071        3.4975492278649292E-003
   1.4240496743057358       0.18089231854971047        3.4045546132786902E-003
   1.4977154544078792       0.17078227446382782        3.2711661254337943E-003
   1.5721489460465232       0.15879408108821771        3.0957922165073017E-003
   1.6473083372554640       0.14454530989502559        2.8758499015898121E-003
   1.7232211818259375       0.12750744740596381        2.6095441403179119E-003
   1.7999999523162842       0.10668802716870203        2.2983134710771120E-003
 -0.80000001192092896       0.13733992116302549        2.4229545907607205E-003
 -0.72394843908771489       0.16237904030943692        2.7101463135928319E-003
 -0.64888781397861606       0.18324997124565606        2.9553894737698108E-003
 -0.57467908140554214       0.20089486990174421        3.1573728579082035E-003
 -0.50126909978204726       0.21590056451303580        3.3170651981319762E-003
 -0.42867448724817608       0.22874321185950985        3.4366001433584880E-003
 -0.35698198027723166       0.23986778641862980        3.5171907680398113E-003
 -0.28635275046087261       0.24971199885204040        3.5580149783107362E-003
 -0.21702274271267269       0.25870429996566269        3.5556625173693499E-003
 -0.14928595192509772       0.26723211116030166        3.5048606221688436E-003
  -8.3437751353471298E-002  0.27555625115322829        3.4026583109589624E-003
  -1.9654938596942624E-002  0.28365586900061424        3.2594107927950331E-003
   4.2160006725855133E-002  0.29110070355800677        3.1148752269312997E-003
  0.10231486582090603       0.29748796188621895        2.9951080888486739E-003
  0.16116969672686693       0.30261719195983777        2.9068049957027696E-003
  0.21904643659113224       0.30645428798108193        2.8470544252520618E-003
  0.27620484353132763       0.30905793063562481        2.8103665118162455E-003
  0.33284811015510474       0.31052703014417621        2.7915828549118235E-003
  0.38913648358918285       0.31097165797422111        2.7866718313694461E-003
  0.44520073188904769       0.31049895038467784        2.7927485104585134E-003
  0.50115349647743257       0.30920710886217934        2.8078958044796651E-003
  0.55709877086788073       0.30718352797382603        2.8309867867226451E-003
  0.61314037425013601       0.30450504424218033        2.8615610609415698E-003
  0.66939041950096090       0.30123938664848632        2.8997565228045521E-003
  0.72597877379685660       0.29744745261388539        2.9462747692951922E-003
  0.78306437169863663       0.29318622516434767        3.0023278669991361E-003
  0.84084859556358571       0.28851197785359955        3.0694434972666704E-003
  0.89958874962554924       0.28348261592169599        3.1488558114813629E-003
  0.95960374316056096       0.27815599835231697        3.2399907997398610E-003
   1.0212518805371005       0.27257743921528466        3.3376224894061560E-003
   1.0848473796343452       0.26674681340686579        3.4289883877312486E-003
   1.1505073796138483       0.26056653869542135        3.4966159151737608E-003
   1.2180564930898572       0.25381381909230039        3.5304772885857722E-003
   1.2872056199816746       0.24619631829176924        3.5276962204892378E-003
   1.3576670528539063       0.23738511527449549        3.4880964518382361E-003
   1.4292081054698189       0.22702903878871120        3.4115820512255770E-003
   1.5016679661947583       0.21475824213877540        3.2970782153500496E-003
   1.5749585880970176       0.20017934998360515        3.1424597301534024E-003
   1.6490615755400073       0.18285257121555346        2.9452005539657585E-003
   1.7240288400805910       0.16221519281788857        2.7041862390334908E-003
   1.7999999523162842       0.13733992116302549        2.4206119222985162E-003
 -0.80000001192092896       0.16999431252824906        2.5617297103066794E-003
 -0.72474914709409821       0.19888686917758608        2.8265932420178546E-003
 -0.65059761303693109       0.22316804517496938        3.0482700143453852E-003
 -0.57737841015164604       0.24371891856361572        3.2272564283816127E-003
 -0.50501136484190357       0.26115164173223554        3.3647901575322393E-003
 -0.43348564663813777       0.27598912568129996        3.4634312920960521E-003
 -0.36285461754476162       0.28871851898258494        3.5251895768312930E-003
 -0.29323188188327848       0.29979983675779565        3.5507468182431759E-003
 -0.22478186462274224       0.30965391500748157        3.5394862606127069E-003
 -0.15769699713131427       0.31863151744544876        3.4906886520616027E-003
  -9.2152568704557292E-002  0.32695909085797309        3.4066279163631422E-003
  -2.8238248911812300E-002  0.33467239109690400        3.2976186531750900E-003
   3.4104932064570263E-002  0.34160328866229606        3.1848802779497159E-003
   9.5062859325335550E-002  0.34755312536701244        3.0853132589998239E-003
  0.15487654499700404       0.35240058074519781        3.0063627345253215E-003
  0.21378573630114470       0.35611438378662769        2.9488184242980734E-003
  0.27200297521517108       0.35872731691986393        2.9104522712746161E-003
  0.32970809900629283       0.36030758927622281        2.8882479656193788E-003
  0.38705218319855267       0.36093835132594154        2.8794084391720520E-003
  0.44416462296145826       0.36070536925356900        2.8816993194271520E-003
  0.50116066003182080       0.35969040302972144        2.8935049944188540E-003
  0.55814855656522155       0.35796809432044963        2.9137853919727658E-003
  0.61523644577018421       0.35560490961495161        2.9420109992745504E-003
  0.67253918246778577       0.35265926663186620        2.9780969767474732E-003
  0.73018551674195364       0.34918229809432683        3.0223237491752157E-003
  0.78832562052681987       0.34521877771039522        3.0751992061243127E-003
  0.84713817620288212       0.34080751053895658        3.1371723030523572E-003
  0.90683440066574150       0.33597987146655278        3.2080514417476016E-003
  0.96765299523566917       0.33075410643186892        3.2859746619236891E-003
   1.0298357712811752       0.32512196671482657        3.3660370391343812E-003
   1.0935743085163989       0.31902539053271345        3.4395556722780505E-003
   1.1589383291286153       0.31232875924786374        3.4960247135879144E-003
   1.2258435469182665       0.30480665774258786        3.5278064559267248E-003
   1.2941197858198337       0.29616341576645167        3.5308139876451361E-003
   1.3635789482622633       0.28605182329068796        3.5028694458079288E-003
   1.4340590749937980       0.27408510777601203        3.4421623270273539E-003
   1.5054470912502651       0.25984352890529816        3.3463830218149176E-003
   1.5776888560264724       0.24287563951467570        3.2125521122405329E-003
   1.6507939499829476       0.22268614424299205        3.0375691337093131E-003
   1.7248417224705013       0.19868212204027141        2.8198989930905295E-003
   1.7999999523162842       0.16999431252824906        2.5587870643081663E-003
 -0.80000001192092896       0.20493126130677913        2.7198978012903927E-003
 -0.72555716025422290       0.23748379995638685        2.9656966789099312E-003
 -0.65229254933795888       0.26495166483430166        3.1648007659706456E-003
 -0.58001020408628567       0.28817324033823016        3.3205245433291634E-003
 -0.50860170887385869       0.30779216137420728        3.4352691307760778E-003
 -0.43802769982004941       0.32438331733477277        3.5126776288134922E-003
 -0.36830861364675360       0.33848234508568970        3.5559671379613101E-003
 -0.29951561738523236       0.35058213540211075        3.5673636411844476E-003
 -0.23175704511956433       0.36111685146316758        3.5483447927783236E-003
 -0.16515637571458694       0.37043792280987314        3.5007132858426251E-003
  -9.9819357572600492E-002  0.37878400959891423        3.4285175559486628E-003
  -3.5794280716232613E-002  0.38625671897277980        3.3401730044735249E-003
   2.6957542026688115E-002  0.39283297817497614        3.2484061874439589E-003
   8.8554490555900936E-002  0.39844445281189655        3.1643085307662346E-003
  0.14916110555835171       0.40304132747233434        3.0942351940072056E-003
  0.20895501222815241       0.40661466933795781        3.0403219803367071E-003
  0.26810639168637374       0.40919262718153532        3.0021708827398575E-003
  0.32676937823146390       0.41082803855021294        2.9782698341710048E-003
  0.38508099926393419       0.41158646059339032        2.9668474409837507E-003
  0.44316393085496292       0.41153736067679975        2.9662939780112970E-003
  0.50113085387018586       0.41074845412712746        2.9753298962260483E-003
  0.55908934800351950       0.40928240025180990        2.9930473107311561E-003
  0.61714691638746122       0.40719504932415074        3.0188912813463925E-003
  0.67541601433298126       0.40453459166253314        3.0526062273525290E-003
  0.73401895783306814       0.40134107174672007        3.0941438603322548E-003
  0.79309231262974467       0.39764571335292376        3.1435049594276706E-003
  0.85278972569130063       0.39346931701389726        3.2004658221845127E-003
  0.91328105640064794       0.38881863663437255        3.2641334566953797E-003
  0.97474425192938530       0.38367924887097071        3.3323243584581215E-003
   1.0373457996066149       0.37800349304360648        3.4009495620127960E-003
   1.1012088136243146       0.37169366880249777        3.4639367704161527E-003
   1.1663788790069503       0.36458487592740046        3.5143598339162996E-003
   1.2328129217489134       0.35643649697601559        3.5464087049074111E-003
   1.3004093695325867       0.34693746165950956        3.5559513002979674E-003
   1.3690478588149453       0.33571496191919709        3.5399002600664158E-003
   1.4386217916092723       0.32234242180563383        3.4953285170131474E-003
   1.5090603577002486       0.30634662572199001        3.4188358599773873E-003
   1.5803424703816460       0.28721361803890177        3.3063859533482929E-003
   1.6525064396977773       0.26438707448700327        3.1538021431762029E-003
   1.7256600017510555       0.23723661890713582        2.9583314409140529E-003
   1.7999999523162842       0.20493126130677913        2.7163153292716338E-003
 -0.80000001192092896       0.24249401438256105        2.9020447816039195E-003
 -0.72637236483035827       0.27853999114146477        3.1304899473613115E-003
 -0.65397277052612568       0.30896934633818635        3.3068626039403147E-003
 -0.58257600306289115       0.33460453569833765        3.4381138190694299E-003
 -0.51204618190108908       0.35613760725969168        3.5285783548786448E-003
 -0.44231730844661715       0.37420967723137921        3.5835400415500677E-003
 -0.37338091462931589       0.38941797974022779        3.6076801106334033E-003
 -0.30527385550380903       0.40230243403290128        3.6046352640135733E-003
 -0.23806333479600464       0.41332869725309906        3.5773059457813116E-003
 -0.17182749591249066       0.42287169053451373        3.5287147385092161E-003
 -0.10663158088370821       0.43120160240406369        3.4631727735858252E-003
  -4.2503387591526713E-002  0.43847901181760407        3.3871810831044907E-003
   2.0583106887922847E-002  0.44477137156540969        3.3089858344043134E-003
   8.2706226091598334E-002  0.45009590671257221        3.2360481566619664E-003
  0.14398070126697249       0.45445926955196164        3.1733401563136224E-003
  0.20453868221579311       0.45787887495959056        3.1232318140972811E-003
  0.26451518866773449       0.46038838872256643        3.0862098138185988E-003
  0.32403984754896176       0.46203488491231759        3.0616980060908607E-003
  0.38323376056532055       0.46287337323930572        3.0486732110814254E-003
  0.44220969130299798       0.46296154353038543        3.0460415979423803E-003
  0.50107410744502590       0.46235567739582956        3.0528348937365157E-003
  0.55993013605882924       0.46110776576045714        3.0682918142934208E-003
  0.61888088087032656       0.45926353257387403        3.0918692904707721E-003
  0.67803274600185881       0.45686096928912073        3.1232049559582497E-003
  0.73749841384894566       0.45392894598754391        3.1620332416102399E-003
  0.79739893708449350       0.45048539457759273        3.2080431035350319E-003
  0.85786402718145038       0.44653442789071934        3.2606586097303609E-003
  0.91902912194792985       0.44206159777483645        3.3187341750641731E-003
  0.98102748538810702       0.43702644506470673        3.3802034178152559E-003
   1.0439761795891547       0.43135186283768373        3.4418202005481479E-003
   1.1079574321073995       0.42491099379629327        3.4992414528217889E-003
   1.1730021585751349       0.41751442001884281        3.5476416444538152E-003
   1.2390868033372553       0.40890181946759263        3.5825790938386276E-003
   1.3061494141729395       0.39874013460604829        3.6002952341072764E-003
   1.3741140866402932       0.38662519204533863        3.5973909137726559E-003
   1.4429147091526364       0.37208520731053030        3.5702450259728741E-003
   1.5125144220508537       0.35458677088925128        3.5145082728351724E-003
   1.5829208541345126       0.33354393341022853        3.4249337639692826E-003
   1.6541987965387364       0.30832649638815751        3.2958275263460925E-003
   1.7264832465070807       0.27824987664084866        3.1225474998633788E-003
   1.7999999523162842       0.24249401438256105        2.8977903268534388E-003
 -0.80000001192092896       0.28310958475848635        3.1143426206936362E-003
 -0.72719424585353531       0.32248940481630944        3.3255453881348000E-003
 -0.65563755564476944       0.35563486432801961        3.4774429455851031E-003
 -0.58507639702398406       0.38338789952809971        3.5815733070948034E-003
 -0.51535012705161287       0.40651717375467916        3.6450127493012482E-003
 -0.44637028711887122       0.42575344433199991        3.6752113952797237E-003
 -0.37810556134889461       0.44177438034437222        3.6784729433654378E-003
 -0.31056737082575520       0.45518262943216786        3.6596304825518055E-003
 -0.24379448410080823       0.46648969682336683        3.6224377422222481E-003
 -0.17783607486006520       0.47610672414942229        3.5703232164700301E-003
 -0.11273376306703814       0.48434152703202382        3.5071993165630361E-003
  -4.8505084111160675E-002  0.49140371024241875        3.4379431396407618E-003
   1.4867219492879677E-002  0.49742152330568173        3.3681037100382646E-003
   7.7436205217618764E-002  0.50246981795049428        3.3027696225201718E-003
  0.13928332287772904       0.50659733018017716        3.2456582311056349E-003
  0.20050760626415451       0.50984522059400805        3.1988938654677677E-003
  0.26121585463106078       0.51225607497600134        3.1632840534908222E-003
  0.32151582246282362       0.51387625437759099        3.1387635805472758E-003
  0.38151257722785831       0.51475479650715139        3.1247984177380263E-003
  0.44130734624545415       0.51494105780223198        3.1206764118341837E-003
  0.50099802198504728       0.51448222646438302        3.1256854606216090E-003
  0.56068062649520578       0.51342112196465284        3.1392039756726617E-003
  0.62045120661632713       0.51179430009225768        3.1607276733574062E-003
  0.68040773577120639       0.50963027811432426        3.1898475418181715E-003
  0.74065160133166053       0.50694757504507859        3.2261840199385803E-003
  0.80128815916313889       0.50375216456461036        3.2692757885294898E-003
  0.86242567317447583       0.50003384447781574        3.3184217460354281E-003
  0.92417183037053374       0.49576096839554062        3.3724871533579322E-003
  0.98662715905026044       0.49087305670094078        3.4297149599012118E-003
   1.0498754478751327       0.48527115375803065        3.4876262028660948E-003
   1.1139729794025970       0.47880653479905544        3.5431142749667503E-003
   1.1789406850087665       0.47126930752683849        3.5927641334186347E-003
   1.2447643303853166       0.46237887750197459        3.6332207939583343E-003
   1.3114048198181905       0.45177730617675682        3.6612713978531933E-003
   1.3788145560871756       0.43902503814489091        3.6735624902754192E-003
   1.4469553293047295       0.42359930584361127        3.6660934213973415E-003
   1.5158152976195545       0.40489722222271329        3.6336988303199793E-003
   1.5854245603777204       0.38224622997149715        3.5697851916507858E-003
   1.6558699326963866       0.35492143183349856        3.4666881389984025E-003
   1.7273106127652798       0.32215725011565749        3.3171591590758047E-003
   1.7999999523162842       0.28310958475848635        3.1093958832846247E-003
 -0.80000001192092896       0.32731846562910027        3.3652809488054262E-003
 -0.72802205229454386       0.36985554400778015        3.5573158787719048E-003
 -0.65728568264508258       0.40542465110165893        3.6807051902312759E-003
 -0.58751150454599943       0.43493543245715505        3.7529532640746136E-003
 -0.51851860405402705       0.45927540930951771        3.7848887651814231E-003
 -0.45020184659205897       0.47929841948512864        3.7866681008528157E-003
 -0.38251401916532296       0.49578618112961614        3.7662784949986502E-003
 -0.31544948790040267       0.50941964468989853        3.7294518001344808E-003
 -0.24902859410198469       0.52076615381389080        3.6802789978090168E-003
 -0.18328257342855422       0.53027838459206600        3.6220333454929691E-003
 -0.11823932868235879       0.53830071012293423        3.5578946522377038E-003
  -5.3911327279096234E-002  0.54508130027233559        3.4913475719829715E-003
   9.7123094359984896E-003  0.55078995765293703        3.4260949719076804E-003
   7.2667897859913941E-002  0.55554020509494306        3.3655544327828562E-003
  0.13501399978055986       0.55941053995874013        3.3123760352797267E-003
  0.19682532248525564       0.56246070676666393        3.2682489331882247E-003
  0.25818624599671458       0.56474183205826722        3.2339834541760910E-003
  0.31918558546897896       0.56630144016214379        3.2097351268994727E-003
  0.37991316004781406       0.56718507651827377        3.1952509945325728E-003
  0.44045806320895697       0.56743605181923018        3.1900736822630506E-003
  0.50090823353245317       0.56709430846998643        3.1936831208318767E-003
  0.56135086237152010       0.56619493554764155        3.2055786261836927E-003
  0.62187320476969121       0.56476651629378194        3.2253109743642498E-003
  0.68256339522669729       0.56282926819829082        3.2524731164526805E-003
  0.74351087255336634       0.56039278689460403        3.2866549589021521E-003
  0.80480598755983868       0.55745309801159626        3.3273659071392974E-003
  0.86653833984221862       0.55398864634218647        3.3739314911022450E-003
  0.92879344805916009       0.54995482948338903        3.4253795714981289E-003
  0.99164763417102830       0.54527676210074105        3.4803469356819322E-003
   1.0551616341596060       0.53984019202417044        3.5370506133361014E-003
   1.1193744310876559       0.53348087943649214        3.5933599773980414E-003
   1.1842997480073456       0.52597314836452114        3.6469511401215314E-003
   1.2499276644828494       0.51701842866412573        3.6954306830227321E-003
   1.3162321880791499       0.50623427744607419        3.7362630442802627E-003
   1.3831831632083678       0.49314416842719427        3.7664287986893508E-003
   1.4507603998032714       0.47716943706179510        3.7818533084364395E-003
   1.5189687377685692       0.45762691492082791        3.7767358031581596E-003
   1.5878537409155540       0.43373780306061160        3.7430392397589021E-003
   1.6575182975126146       0.40465229373651729        3.6706156050024170E-003
   1.7281410170451645       0.36948409076650568        3.5486717743122309E-003
   1.7999999523162842       0.32731846562910027        3.3596390709472535E-003
 -0.80000001192092896       0.37581863925009606        3.6668703110336420E-003
 -0.72885498552556227       0.42128501662197637        3.8347166876768453E-003
 -0.65891583078814109       0.45889736819537374        3.9220526277773237E-003
 -0.58988150937942230       0.48970313122769599        3.9545523287440884E-003
 -0.52155692787910790       0.51477032256899202        3.9481795418545842E-003
 -0.45382707999475785       0.53512048627681474        3.9163247144661292E-003
 -0.38663589237179058       0.55166611138313748        3.8685280991756837E-003
 -0.31996792367542953       0.56517951965571822        3.8109487168216660E-003
 -0.25383255723331821       0.57628823825589082        3.7474476868893367E-003
 -0.18825032684395279       0.58548515095108533        3.6806564426741838E-003
 -0.12324120233546368       0.59314497671962452        3.6127733079965364E-003
  -5.8815201053943028E-002  0.59954319863701910        3.5459991462440509E-003
   5.0338523880006317E-003  0.60487623099612409        3.4826029027664233E-003
   6.8330768562855845E-002  0.60928181328922815        3.4247154465592341E-003
  0.13111791713073090       0.61285755164343481        3.3740712401990978E-003
  0.19345184097864063       0.61567571234418983        3.3318593882115718E-003
  0.25539904324722995       0.61779354833600120        3.2987201002074918E-003
  0.31703210229345691       0.61925956901373491        3.2748423580107443E-003
  0.37842672386273507       0.62011672998992051        3.2601010981478324E-003
  0.43965987245725668       0.62040356879159519        3.2541884241471444E-003
  0.50080883599843817       0.62015408925213678        3.2567157275486744E-003
  0.56195094422669711       0.61939690435802541        3.2672797129121860E-003
  0.62316361819338695       0.61815388617381728        3.2854935198505329E-003
  0.68452442184719986       0.61643836997940515        3.3109869635446943E-003
  0.74611078873909153       0.61425281182603120        3.3433805129801037E-003
  0.80799910636044658       0.61158569208345148        3.3822385437462864E-003
  0.87026288372111071       0.60840738806928041        3.4270103701219512E-003
  0.93296985507371011       0.60466471520604104        3.4769730488257173E-003
  0.99617814453744413       0.60027387516451947        3.5311959261729959E-003
   1.0599320594495325       0.59511165850638448        3.5885472342812425E-003
   1.1242586099916709       0.58900489682504331        3.6477479200315902E-003
   1.1891662066622846       0.58171825650073794        3.7074406218625604E-003
   1.2546467988134451       0.57294041911746874        3.7661926639845412E-003
   1.3206818538056422       0.56226858041532013        3.8223254602619042E-003
   1.3872515577684914       0.54919148500111326        3.8734888086081939E-003
   1.4543463991397254       0.53307266323727531        3.9159458133674442E-003
   1.5219807559170826       0.51313856468333086        3.9436095863024795E-003
   1.5902086766557504       0.48848056401554929        3.9470541841333208E-003
   1.6591422867911698       0.45808261594622057        3.9131002203012522E-003
   1.7289733311305155       0.42087945221516920        3.8260720798682798E-003
   1.7999999523162842       0.37581863925009606        3.6605558262306432E-003
 -0.80000001192092896       0.42953378150296939        4.0366522014359581E-003
 -0.72969246133580412       0.47759328730895517        4.1699983433836239E-003
 -0.66052707782930631       0.51671524260739810        4.2080555711456356E-003
 -0.59218729563572714       0.54819317347931595        4.1883589046146138E-003
 -0.52447132993847179       0.57336475702585199        4.1338715762625567E-003
 -0.45726163804039183       0.59347499859001884        4.0615065015867985E-003
 -0.39049986458336106       0.60959285690442433        3.9817715016023129E-003
 -0.32416660792807617       0.62258819438279256        3.9004237223628693E-003
 -0.25826556476833773       0.63314467105831529        3.8203491614910079E-003
 -0.19281112713312315       0.64178657320341193        3.7430056597721616E-003
 -0.12781861115332846       0.64890768125871856        3.6693422926758765E-003
  -6.3296800578279092E-002  0.65479782498198180        3.6002760147504243E-003
   7.5706890686557272E-004  0.65966639326592735        3.5368303769589458E-003
   6.4359703608609681E-002  0.66366292029875440        3.4800570518205946E-003
  0.12754171205966136       0.66689449647974197        3.4308814056447290E-003
  0.19034578764811610       0.66943957802228693        3.3899798180060843E-003
  0.25282399527343696       0.67135807256974378        3.3577329439703416E-003
  0.31503495364728035       0.67269803883697032        3.3342482177888999E-003
  0.37704143050281408       0.67349965042935012        3.3194227933600389E-003
  0.43890856969945452       0.67379714970762683        3.3130180078854259E-003
  0.50070273947928445       0.67361941766446398        3.3147256604007811E-003
  0.56249085022325263       0.67298960601355740        3.3242161687931605E-003
  0.62433991959047874       0.67192408801144654        3.3411656016616299E-003
  0.68631663682451938       0.67043081869304244        3.3652626178549078E-003
  0.74848667960275173       0.66850706242940139        3.3961987342310644E-003
  0.81091356514318891       0.66613634494220542        3.4336474290188705E-003
  0.87365688705979494       0.66328441611574596        3.4772401807356512E-003
  0.93676992485204402       0.65989396893818131        3.5265503653839282E-003
   1.0002968318019358       0.65587784608752364        3.5810970264140100E-003
   1.0642698929753127       0.65111046353105861        3.6403760248225150E-003
   1.1287076163025482       0.64541715085193685        3.7039114848826573E-003
   1.1936145291789289       0.63856099489895279        3.7712943616246670E-003
   1.2589833665628436       0.63022655642041459        3.8421432478594319E-003
   1.3247998903084117       0.61999963672997815        3.9158967303672982E-003
   1.3910501777821467       0.60734251841107745        3.9913318688337392E-003
   1.4577302431005958       0.59156557583674463        4.0656914026068200E-003
   1.5248582895224407       0.57179996687191248        4.1333209542017170E-003
   1.5924904134665019       0.54698340648360488        4.1838887962500487E-003
   1.6607407458509278       0.51588061660617557        4.2008258407015787E-003
   1.7298066484725709       0.47716205630711989        4.1617113663552198E-003
   1.7999999523162842       0.42953378150296939        4.0297251961405080E-003
 -0.80000001192092896       0.48972185567915405        4.5013092201927748E-003
 -0.73053452019854115       0.53982822498315852        4.5799308762053308E-003
 -0.66211957343180727       0.57966401964497294        4.5458828516470465E-003
 -0.59443122895656608       0.61094531665089902        4.4548479317979509E-003
 -0.52726974671216642       0.63540563931934202        4.3388686357710548E-003
 -0.46052254446112245       0.65457474475272837        4.2176959937860426E-003
 -0.39413475251863078       0.66969283416516334        4.1012245338907750E-003
 -0.32808738512050939       0.68171862383688975        3.9933588663465143E-003
 -0.26238189520920696       0.69137489566332389        3.8949761257307887E-003
 -0.19702920699135215       0.69919912165488496        3.8057291361039930E-003
 -0.13204170310576860       0.70558708275363757        3.7250090305499741E-003
  -6.7427358097667853E-002  0.71082745033149786        3.6523807559787134E-003
  -3.1857627405909843E-003  0.71512877101279781        3.5877008504373383E-003
   6.0694004022367028E-002  0.71864071149785858        3.5310582714869637E-003
  0.12423379782783889       0.72147080465435642        3.4826461666163135E-003
  0.18746549636270013       0.72369736089794201        3.4426402963670158E-003
  0.25042927862298447       0.72537898196288886        3.4111220995149665E-003
  0.31317162186379849       0.72656113523209609        3.3880522512274329E-003
  0.37574341260770000       0.72728032414284505        3.3732821512188049E-003
  0.43819838810211514       0.72756640818967100        3.3665855064917778E-003
  0.50059195907403176       0.72744356249213360        3.3676947903041612E-003
  0.56298034411151643       0.72693024902882752        3.3763327382988540E-003
  0.62541987400604382       0.72603843505940935        3.3922342055232942E-003
  0.68796629281141852       0.72477216386138177        3.4151576878646939E-003
  0.75067388374226418       0.72312547047228737        3.4448887792653681E-003
  0.81359428150920654       0.72107954348506442        3.4812402829697791E-003
  0.87677490416731663       0.71859896102477672        3.5240558421121598E-003
  0.94025705411823646       0.71562676860961294        3.5732253272530812E-003
   1.0040738965939959       0.71207810488002854        3.6287194013147578E-003
   1.0682486975744183       0.70783199067141334        3.6906455008107104E-003
   1.1327938329156511       0.70272073274129832        3.7593158960201210E-003
   1.1977110931620258       0.69651610269495567        3.8352999909742201E-003
   1.2629936691882573       0.68891100920339021        3.9194086990140386E-003
   1.3286299830683337       0.67949486525088376        4.0125277296913483E-003
   1.3946094140343483       0.66772057494387560        4.1151695922346408E-003
   1.4609301605916489       0.65286182789427816        4.2265342305591235E-003
   1.5276100169980442       0.63396298262337958        4.3427650476330149E-003
   1.5947015576378942       0.60979362123470682        4.4540902739724038E-003
   1.6623136515579982       0.57883945429203854        4.5411094154246111E-003
   1.7306406968445176       0.53938417539957595        4.5725071846715168E-003
   1.7999999523162842       0.48972185567915405        4.4938872773705018E-003
 -0.80000001192092896       0.55815958725403625        5.1035239628512141E-003
 -0.73138251970044743       0.60935756219346060        5.0869891797580046E-003
 -0.66369549025727703       0.64866064205831575        4.9412525206726761E-003
 -0.59661810092062328       0.67850414155110894        4.7504786055225616E-003
 -0.52996269260158502       0.70118237837792519        4.5562270882406383E-003
 -0.46362906606253768       0.71855453031459882        4.3775610759767929E-003
 -0.39757055661314583       0.73201481952212133        4.2203137784786512E-003
 -0.33177151885018363       0.74257455097434832        4.0842222923780092E-003
 -0.26623311302603608       0.75095973619505951        3.9668208098928110E-003
 -0.20096414243306790       0.75769130007103824        3.8652646009363152E-003
 -0.13597479569116144       0.76314365438740395        3.7770822834285174E-003
  -7.1272210195623062E-002  0.76758598290795199        3.7004108467423315E-003
  -6.8574400788392713E-003  0.77121148627704550        3.6339847367909072E-003
   5.7276296562237962E-002  0.77415859158622291        3.5770137979258135E-003
  0.12114419248341467       0.77652667321255620        3.5290270362340090E-003
  0.18476945411644324       0.77838775745521993        3.4897294912190980E-003
  0.24818224167136910       0.77979507521294189        3.4588967003003181E-003
  0.31141828396717819       0.78078905816243682        3.4363124982188797E-003
  0.37451745158082672       0.78140127600130727        3.4217435785366531E-003
  0.43752246954067237       0.78165676155258079        3.4149390269394525E-003
  0.50047784008631435       0.78157510824532672        3.4156431548980678E-003
  0.56342895431836471       0.78117063911622220        3.4236128651567938E-003
  0.62642131041685756       0.78045184768779274        3.4386344789045196E-003
  0.68949972699985140       0.77942021193681643        3.4605384222692638E-003
  0.75270744144791868       0.77806839178395448        3.4892131149682716E-003
  0.81608501394143074       0.77637774087364342        3.5246218436770739E-003
  0.87966901901222327       0.77431499184615549        3.5668282749041057E-003
  0.94349059555373349       0.77182790109697241        3.6160371635141882E-003
   1.0075740326524600       0.76883954460315596        3.6726559316275008E-003
   1.0719356674042517       0.76524080665420224        3.7373791130647601E-003
   1.1365834252503770       0.76088034573919217        3.8112903719127087E-003
   1.2015173112426574       0.75555088647242818        3.8959653845795994E-003
   1.2667310652201949       0.74896999664275066        3.9935416023872171E-003
   1.3322150909127928       0.74075251182423141        4.1066903972939075E-003
   1.3979607834097294       0.73037053134200458        4.2383625454471370E-003
   1.4639666536706601       0.71709591438134734        4.3910370408211637E-003
   1.5302472932797120       0.69992126814754829        4.5649253490197507E-003
   1.5968472613662070       0.67746389666987417        4.7541600409036393E-003
   1.6638630838535970       0.64788524513295542        4.9398521649895305E-003
   1.7314765324417758       0.60891962833482671        5.0811578795348167E-003
   1.7999999523162842       0.55815958725403625        5.0958174068306801E-003
 -0.80000001192092896       0.63747294875204519        5.9162071419718602E-003
 -0.73224034520506998       0.68797868624562319        5.7185430232767395E-003
 -0.66526031935907526       0.72471594375207415        5.3922185017492444E-003
 -0.59875611159359254       0.75133544088169935        5.0628137423416493E-003
 -0.53256403430955868       0.77085191950088516        4.7726266821398336E-003
 -0.46660345623972621       0.78541903410616087        4.5299396119604417E-003
 -0.40083934269381161       0.79649794371618532        4.3303861438532230E-003
 -0.33526089370561457       0.80507253727262129        4.1664574988118444E-003
 -0.26986972591457020       0.81181222888590510        4.0309417822002270E-003
 -0.20467294823766910       0.81717951630567753        3.9179152331257619E-003
 -0.13967868484043186       0.82149840709180633        3.8228531816190126E-003
  -7.4892955630653568E-002  0.82499809866307383        3.7424583614532837E-003
  -1.0317509677069042E-002  0.82784159149425129        3.6744168886258107E-003
   5.4051507371315838E-002  0.83014514151630248        3.6171531478466010E-003
  0.11822410967890286       0.83199196867009906        3.5696107191972954E-003
  0.18221635571757508       0.83344213226533403        3.5310726754834492E-003
  0.24604973210424227       0.83453964463416974        3.5010271132387668E-003
  0.30975024172382337       0.83531747148423396        3.4790769329723806E-003
  0.37334738536301187       0.83580087174360562        3.4648873790622111E-003
  0.43687317268135062       0.83600943464153299        3.4581619939023219E-003
  0.50036122991152021       0.83595810649150348        3.4586375335556728E-003
  0.56384600840151944       0.83565743479030541        3.4660902038425763E-003
  0.62736205235696618       0.83511318713209737        3.4803482942258649E-003
  0.69094326121497918       0.83432543074194843        3.5013091756318426E-003
  0.75462208322102664       0.83328708967881515        3.5289613057082306E-003
  0.81842860143675034       0.83198193229211448        3.5634141861446097E-003
  0.88238951942514710       0.83038187759371929        3.6049410111116524E-003
  0.94652711560388381       0.82844343507562823        3.6540398247654855E-003
   1.0108583009878553       0.82610298729104348        3.7115191069297714E-003
   1.0753939661964731       0.82327045246446673        3.7786126812103652E-003
   1.1401388193856352       0.81982056806938808        3.8571268114547287E-003
   1.2050918859041631       0.81558052617389609        3.9496194085596129E-003
   1.2702477769044571       0.81031182753306652        4.0596058392969106E-003
   1.3355987875933228       0.80368278378079716        4.1917703622342843E-003
   1.4011379405259308       0.79522576051465432        4.3521134830730845E-003
   1.4668633612919004       0.78426968339415093        4.5478227046127865E-003
   1.5327850341076910       0.76983386204995941        4.7862694770599420E-003
   1.5989362967577618       0.75046772195724543        5.0715857383940265E-003
   1.6653945744005192       0.72403989177303896        5.3952884270601935E-003
   1.7323177571524933       0.68757442251278122        5.7153771476229388E-003
   1.7999999523162842       0.63747294875204519        5.9085862648857361E-003
 -0.80000001192092896       0.73178399410779149        7.0754847834968767E-003
 -0.73311655295637568       0.77800044244939515        6.4930191002715749E-003
 -0.66682425189974392       0.80875929375003819        5.8721149771028668E-003
 -0.60085731124050445       0.82964382761971689        5.3623031896419442E-003
 -0.53509118751776286       0.84431767250676315        4.9656168125662772E-003
 -0.46947123352535908       0.85497489204936250        4.6593148416500200E-003
 -0.40397571227100615       0.86293704683852146        4.4208874100983130E-003
 -0.33859876733625033       0.86902583007461798        4.2327935615908956E-003
 -0.27334228479670691       0.87377119844574380        4.0822326493407408E-003
 -0.20821150150545450       0.87752644074036723        3.9600500898947918E-003
 -0.14321224749850989       0.88053329055108376        3.8597470933612135E-003
  -7.8349012999547718E-002  0.88296019748044829        3.7767381528805489E-003
  -1.3623566236746255E-002  0.88492588449043907        3.7078137304696851E-003
   5.0965947364842536E-002  0.88651459219105677        3.6507467848734716E-003
  0.11542544434716670       0.88778641721477447        3.6039991782266623E-003
  0.17976492236827024       0.88878456608355139        3.5665021164578091E-003
  0.24399814276067253       0.88954051061421524        3.5374957974630972E-003
  0.30814208848366281       0.89007760629497268        3.5164180450580917E-003
  0.37221631069409006       0.89041352978709765        3.5028328172458036E-003
  0.43624225335901889       0.89056179257743029        3.4963896775933511E-003
  0.50024260780698027       0.89053253096871698        3.4968060038395410E-003
  0.56424071063001746       0.89033272704445354        3.5038652209636121E-003
  0.62825996861679234       0.88996596989440246        3.5174264663705062E-003
  0.69232327894742574       0.88943181987412412        3.5374434619222443E-003
  0.75645241381165640       0.88872479244432401        3.5639926941682231E-003
  0.82066735552295578       0.88783293238024508        3.5973131212290654E-003
  0.88498559834454504       0.88673590037042349        3.6378614576296187E-003
  0.94942147088366458       0.88540243303105370        3.6863886578913469E-003
   1.0139855687806980       0.88378694647338307        3.7440447271429684E-003
   1.0786844097612664       0.88182490209974296        3.8125209853582475E-003
   1.1435204216372366       0.87942628918669064        3.8942424834016963E-003
   1.2084923464231212       0.87646611117707507        3.9926300209165017E-003
   1.2735961032823389       0.87276992364804751        4.1124627648444958E-003
   1.3388261307018907       0.86809093358538347        4.2603886699701873E-003
   1.4041772741683183       0.86207226994545327        4.4456432140475314E-003
   1.4696474809635065       0.85418244882449101        4.6810129369364911E-003
   1.5352420796271646       0.84360130574043291        4.9838886288810155E-003
   1.6009816768437639       0.82901416680659457        5.3764269262350809E-003
   1.6669186228221837       0.80824471876314585        5.8807443987730018E-003
   1.7331726921149302       0.77766977475858967        6.4940931480430468E-003
   1.7999999523162842       0.73178399410779149        7.0686196046660489E-003
 -0.80000001192092896       0.84811856091693527        8.8705910178872530E-003
 -0.73402787185656393       0.88196654858152734        7.3286306262675431E-003
 -0.66840170762160422       0.90108341480193266        6.2921992864763679E-003
 -0.60293577434170709       0.91303053867226225        5.5929543201880417E-003
 -0.53756381646923823       0.92106431482813411        5.1028056568530140E-003
 -0.47226051008316372       0.92675954733388999        4.7468282053422586E-003
 -0.40701657200792357       0.93095520800205755        4.4804103897943355E-003
 -0.34182990829351528       0.93413601568227445        4.2759994865559699E-003
 -0.27670188101862964       0.93660089596272000        4.1159117011675241E-003
 -0.21163535910272901       0.93854365500828918        3.9884144940598894E-003
 -0.14663347322881190       0.94009460775265485        3.8855272171340032E-003
  -8.1698712533749621E-002  0.94134358144904273        3.8017332597111279E-003
  -1.6832251738552219E-002  0.94235346943495835        3.7331872450229479E-003
   4.7966512401424674E-002  0.94316871873134012        3.6771999114226625E-003
  0.11270021423148939       0.94382094567921604        3.6318863506646631E-003
  0.17737357077192964       0.94433281080479525        3.5959174670363524E-003
  0.24199326145821359       0.94472074956272489        3.5683426818388761E-003
  0.30656768272187818       0.94499688721654707        3.5484657744306145E-003
  0.37110662925076610       0.94517033539139694        3.5357620507135566E-003
  0.43562094643966581       0.94524800522706687        3.5298278276196205E-003
  0.50012218298557831       0.94523503897167993        3.5303548249764611E-003
  0.56462225485678919       0.94513493849896346        3.5371235478155083E-003
  0.62913311735124644       0.94494944732846242        3.5500114512549987E-003
  0.69366643420330798       0.94467822013823000        3.5690135700426093E-003
  0.75823323326104464       0.94431829060571726        3.5942752283961528E-003
  0.82284354691462624       0.94386332453420108        3.6261383300445265E-003
  0.88750605028920548       0.94330261853354680        3.6652045920705680E-003
  0.95222772757265073       0.94261976968939776        3.7124211511681826E-003
   1.0170136115870865       0.94179088843547965        3.7691967691488547E-003
   1.0818666482721651       0.94078213721570181        3.8375614368517143E-003
   1.1467877323340783       0.93954621966600593        3.9203904000702384E-003
   1.2117759436951934       0.93801715960380938        4.0217288135746898E-003
   1.2768289939152373       0.93610217643505744        4.1472813365484775E-003
   1.3419438815122491       0.93366842372613568        4.3051834179324228E-003
   1.4071177756618105       0.93052020882095088        4.5072707502774789E-003
   1.4723492340733870       0.92635757894146675        4.7712574551397515E-003
   1.5376401027577795       0.92069602438113940        5.1246149703205240E-003
   1.6029991372156260       0.91269904284845993        5.6116706285143985E-003
   1.6684505534620255       0.90079978850381304        6.3066355584922929E-003
   1.7340579953176309       0.88176629615301638        7.3359174588170234E-003
   1.7999999523162842       0.84811856091693527        8.8657747423419569E-003
 -0.80000001192092896        1.0000000000000000        1.1027566737618363E-002
 -0.73500001281499860        1.0000000000000000        8.1293629521880673E-003
 -0.67000001370906825        1.0000000000000000        6.6438330312396125E-003
 -0.60500001460313801        1.0000000000000000        5.7694542908883319E-003
 -0.54000001549720766        1.0000000000000000        5.2019633572597890E-003
 -0.47500001639127731        1.0000000000000000        4.8079427720657229E-003
 -0.41000001728534702        1.0000000000000000        4.5212769197946687E-003
 -0.34500001817941672        1.0000000000000000        4.3056573795054410E-003
 -0.28000001907348637        1.0000000000000000        4.1394474173953137E-003
 -0.21500001996755602        1.0000000000000000        4.0089341178417819E-003
 -0.15000002086162567        1.0000000000000000        3.9050328813516814E-003
  -8.5000021755695432E-002   1.0000000000000000        3.8215407771740317E-003
  -2.0000022649765081E-002   1.0000000000000000        3.7541401677567950E-003
   4.4999976456165269E-002   1.0000000000000000        3.6997907602448086E-003
  0.10999997556209551        1.0000000000000000        3.6563355708894864E-003
  0.17499997466802586        1.0000000000000000        3.6222329432685206E-003
  0.23999997377395621        1.0000000000000000        3.5963691023399944E-003
  0.30499997287988645        1.0000000000000000        3.5779268172214042E-003
  0.36999997198581691        1.0000000000000000        3.5662960681449615E-003
  0.43499997109174715        1.0000000000000000        3.5610175302662880E-003
  0.49999997019767761        1.0000000000000000        3.5617521411733027E-003
  0.56499996930360785        1.0000000000000000        3.5682715749982014E-003
  0.62999996840953809        1.0000000000000000        3.5804658196189518E-003
  0.69499996751546855        1.0000000000000000        3.5983654784439126E-003
  0.75999996662139879        1.0000000000000000        3.6221779258745206E-003
  0.82499996572732903        1.0000000000000000        3.6523380626742150E-003
  0.88999996483325949        1.0000000000000000        3.6895763019278607E-003
  0.95499996393918973        1.0000000000000000        3.7350089625127888E-003
   1.0199999630451200        1.0000000000000000        3.7902602116378780E-003
   1.0849999621510504        1.0000000000000000        3.8576314271390076E-003
   1.1499999612569807        1.0000000000000000        3.9403457877875414E-003
   1.2149999603629111        1.0000000000000000        4.0429178091497178E-003
   1.2799999594688414        1.0000000000000000        4.1717395246221346E-003
   1.3449999585747716        1.0000000000000000        4.3360601974851655E-003
   1.4099999576807019        1.0000000000000000        4.5497215639225784E-003
   1.4749999567866325        1.0000000000000000        4.8344442579079045E-003
   1.5399999558925628        1.0000000000000000        5.2265591951250459E-003
   1.6049999549984930        1.0000000000000000        5.7920847712448721E-003
   1.6699999541044233        1.0000000000000000        6.6639807626440260E-003
   1.7349999532103535        1.0000000000000000        8.1446490677330695E-003
   1.7999999523162842        1.0000000000000000        1.1027566737618457E-002
