 VARIABLES = "X" "Y" "Jac"
ZONE I=  41    J=   19
 -0.80000001192092896        0.0000000000000000        1.9181704389089975E-003
 -0.72000001072883602        0.0000000000000000        1.9243681267178934E-003
 -0.64000000953674319        0.0000000000000000        1.9312794042504163E-003
 -0.56000000834465025        0.0000000000000000        1.9397215741486847E-003
 -0.48000000715255736        0.0000000000000000        1.9508552267307436E-003
 -0.40000000596046448        0.0000000000000000        1.9665843079796114E-003
 -0.32000000476837154        0.0000000000000000        1.9905117839617015E-003
 -0.24000000357627871        0.0000000000000000        2.0306787716531469E-003
 -0.16000000238418577        0.0000000000000000        2.1095796396911025E-003
  -8.0000001192092829E-002   0.0000000000000000        2.3158564710210219E-003
   0.0000000000000000        0.0000000000000000        2.7448519262964358E-003
   5.0000000000000003E-002   4.4602089554664957E-002   1.0874536546487702E-003
  0.10000000000000001        5.8722143818967620E-002   9.7448366815730428E-004
  0.15000000000000002        6.6983760864784622E-002   9.6308334190896793E-004
  0.20000000000000001        7.1846641918802551E-002   9.6655071527158073E-004
  0.25000000000000000        7.4334200719891608E-002   9.7598428567062566E-004
  0.30000000000000004        7.5019308835821752E-002   9.8852435409283010E-004
  0.35000000000000003        7.4275505767019634E-002   1.0028517891067707E-003
  0.40000000000000002        7.2368894454773111E-002   1.0182464455644855E-003
  0.45000000000000001        6.9499149665645854E-002   1.0342935490617960E-003
  0.50000000000000000        6.5820350277604772E-002   1.0507709781042061E-003
  0.55000000000000004        6.1452585138372533E-002   1.0676041564254373E-003
  0.60000000000000009        5.6488883819410578E-002   1.0848545526426616E-003
  0.65000000000000002        5.0999586638980257E-002   1.1027330736807562E-003
  0.70000000000000007        4.5035223344168644E-002   1.1216432951896658E-003
  0.75000000000000000        3.8628479001300155E-002   1.1422767028628239E-003
  0.80000000000000004        3.1795577738765200E-002   1.1658230901924747E-003
  0.85000000000000009        2.4537282123169087E-002   1.1944928432712821E-003
  0.90000000000000002        1.6839631126404589E-002   1.2331116813715181E-003
  0.95000000000000007        8.6744956946254725E-003   1.2956957381641153E-003
   1.0000000000000000        4.1681862848033020E-009   1.8374491111253282E-003
   1.0799999952316284        0.0000000000000000        2.0532176284098003E-003
   1.1599999904632567        0.0000000000000000        1.9959174738774870E-003
   1.2399999856948853        0.0000000000000000        1.9683429111763953E-003
   1.3199999809265137        0.0000000000000000        1.9521499867408323E-003
   1.3999999761581421        0.0000000000000000        1.9415991125537279E-003
   1.4799999713897705        0.0000000000000000        1.9342601705405814E-003
   1.5599999666213988        0.0000000000000000        1.9288818718480555E-003
   1.6399999618530274        0.0000000000000000        1.9247206365086748E-003
   1.7199999570846556        0.0000000000000000        1.9212766026943694E-003
   1.7999999523162842        0.0000000000000000        1.9181702959941722E-003
 -0.80000001192092896        2.4614517989953628E-002   2.0073890393270456E-003
 -0.72050713166146751        2.4693210422597596E-002   2.0136997187502701E-003
 -0.64101760253153439        2.4780738836900355E-002   2.0207104604857929E-003
 -0.56153218967443264        2.4887178158436614E-002   2.0292127994887246E-003
 -0.48205222082679222        2.5026712516707864E-002   2.0403262977159694E-003
 -0.40257958966302959        2.5222300592574489E-002   2.0558605813158462E-003
 -0.32311675543204199        2.5516506289044512E-002   2.0791488809802144E-003
 -0.24366669634751509        2.6001224335613131E-002   2.1172766404346979E-003
 -0.16423292017277688        2.6919005053440439E-002   2.1883364152188826E-003
  -8.4821829064660015E-002   2.9131533713018434E-002   2.3525373566394381E-003
  -5.4916123452121157E-003   3.7426862463009976E-002   2.3418946763298270E-003
   4.5250968283198349E-002   6.4815369890346697E-002   1.1857372894159487E-003
   9.6008543623846601E-002   7.8264089434879475E-002   1.0823518331825187E-003
  0.14667051684488433        8.6597434653203451E-002   1.0552860132605403E-003
  0.19726332018628576        9.1687792765102097E-002   1.0500689533423130E-003
  0.24780726064656697        9.4453006972140555E-002   1.0544440985894453E-003
  0.29831622602684893        9.5434500025727523E-002   1.0638691244910605E-003
  0.34879995122762469        9.4993158296440033E-002   1.0762427260881879E-003
  0.39926561274671185        9.3389179436557473E-002   1.0904485842255728E-003
  0.44971882316683726        9.0819571650094494E-002   1.1058548825001978E-003
  0.50016427343336523        8.7437803743588935E-002   1.1221148297153589E-003
  0.55060618234579128        8.3365058309828571E-002   1.1390820517031034E-003
  0.60104864946317260        7.8697228269253142E-002   1.1567797815273950E-003
  0.65149597772922707        7.3509706900339672E-002   1.1754041128510214E-003
  0.70195302618867095        6.7861179697082524E-002   1.1953606094033831E-003
  0.75242567139444472        6.1797424450902534E-002   1.2173504830858316E-003
  0.80292151674606282        5.5356576867327222E-002   1.2425527805875834E-003
  0.85345116024186185        4.8579346891453337E-002   1.2730241125691526E-003
  0.90403088844586577        4.1535842966952993E-002   1.3126404216290859E-003
  0.95469013634128042        3.4420581779474005E-002   1.3693316912654844E-003
   1.0055039639340100        2.8013406775022179E-002   1.8539477718495605E-003
   1.0849204261329415        2.6217888869954822E-002   2.1319463046728469E-003
   1.1643222166751190        2.5568647074332249E-002   2.0817504751845283E-003
   1.2437392573872348        2.5238972384418537E-002   2.0560442990366959E-003
   1.3231742035159275        2.5040752136789388E-002   2.0405867829154803E-003
   1.4026244157310515        2.4909949477459850E-002   2.0303941289913398E-003
   1.4820864906741542        2.4818198675549435E-002   2.0232378214707619E-003
   1.5615573468462967        2.4750518125720315E-002   2.0179405992179133E-003
   1.6410344557187442        2.4697864326933439E-002   2.0137939470955359E-003
   1.7205158303058692        2.4654095351610471E-002   2.0103179486033892E-003
   1.7999999523162842        2.4614517989953628E-002   2.0071602544801605E-003
 -0.80000001192092896        5.0503811701663799E-002   2.1003648496280502E-003
 -0.72103141142919991        5.0663639239326021E-002   2.1067520041003060E-003
 -0.64206959540858244        5.0840970960798634E-002   2.1138153856873707E-003
 -0.56311616261868502        5.1055674002631932E-002   2.1223072157453781E-003
 -0.48417382989665347        5.1335470125313053E-002   2.1332842511252838E-003
 -0.40524646398262287        5.1724595403417416E-002   2.1484152235111379E-003
 -0.32633914713567452        5.2303231298658916E-002   2.1706477288917863E-003
 -0.24745830000508665        5.3237928807610621E-002   2.2057755183404882E-003
 -0.16861251943116876        5.4936530007363864E-002   2.2663386185092804E-003
  -8.9820306783094495E-002   5.8629723939271926E-002   2.3790722809819867E-003
  -1.1185043195609357E-002   6.8949493200382128E-002   2.0846024998341529E-003
   4.0364722581549266E-002   8.7453956187416582E-002   1.3000700367970333E-003
   9.1845173211134709E-002   9.9658811614919338E-002   1.1931574248702933E-003
  0.14317176400668799       0.10776686245261669        1.1530334465272565E-003
  0.19437332787064521       0.11294026355736089        1.1395280772932889E-003
  0.24548186620757859       0.11590498223013489        1.1387350188464991E-003
  0.29652209086367809       0.11713718762750010        1.1448599948156628E-003
  0.34751236033784988       0.11697075201881416        1.1551141486271950E-003
  0.39846664733551918       0.11565310714135608        1.1680023189733725E-003
  0.44939609243188561       0.11337499083831329        1.1826750042633815E-003
  0.50031012310578937       0.11028724423281946        1.1986562914034370E-003
  0.55121728796219915       0.10651098355837901        1.2157230538605336E-003
  0.60212593927745750       0.10214431636290099        1.2338551264396073E-003
  0.65304487429191416        9.7267372013457462E-002   1.2532274035665554E-003
  0.70398404761678490        9.1946890017198885E-002   1.2742372581002429E-003
  0.75495550940195033        8.6241701987140540E-002   1.2975756483846505E-003
  0.80597484797849217        8.0211429759557057E-002   1.3243667102036893E-003
  0.85706375763763876        7.3933990377462441E-002   1.3564161298554812E-003
  0.90825542215794741        6.7548116149409684E-002   1.3965440458819814E-003
  0.95960842775937005        6.1372192971040955E-002   1.4481838624278540E-003
   1.0112512067667268        5.6235008368401299E-002   1.8870273572783054E-003
   1.0900129904048430        5.3541111961923030E-002   2.2104288630407495E-003
   1.1687891005164412        5.2376648476242883E-002   2.1698613679356450E-003
   1.2476029783601903        5.1747313825204637E-002   2.1467846059645469E-003
   1.3264542868413800        5.1359255969706384E-002   2.1323756881616181E-003
   1.4053366305351342        5.1099817202787869E-002   2.1226990173299999E-003
   1.4842429451124464        5.0916287556410748E-002   2.1158154027958532E-003
   1.5631669986848091        5.0780022832421771E-002   2.1106543155231571E-003
   1.6421037019358848        5.0673438526959443E-002   2.1065568977788329E-003
   1.7210490470539188        5.0584463476157214E-002   2.1030708388273269E-003
   1.7999999523162842        5.0503811701663799E-002   2.0998779402453638E-003
 -0.80000001192092896        7.7807169640046123E-002   2.2033052883837683E-003
 -0.72157369574445929        7.8049926630500546E-002   2.2096951146994477E-003
 -0.64315768603646273        7.8318459983537522E-002   2.2167160766648239E-003
 -0.56475452865851872        7.8641852272258006E-002   2.2250538863499312E-003
 -0.48636844151687270        7.9060196242903211E-002   2.2356588917944063E-003
 -0.40800542038494569        7.9636259777608714E-002   2.2499711420859258E-003
 -0.32967347617765441        8.0480504807181413E-002   2.2703597517982803E-003
 -0.25138320973644962        8.1811599011922143E-002   2.3009071301727060E-003
 -0.17315017930739154        8.4121423425697034E-002   2.3481985639658772E-003
  -9.5008020060525444E-002   8.8673556672213619E-002   2.4153827916902808E-003
  -1.7084326231713808E-002   9.8910574998543860E-002   2.0254168433201003E-003
   3.5301858478702694E-002  0.11232327521141409        1.4157464559726132E-003
   8.7503979388245945E-002  0.12300691268484673        1.3100469296754797E-003
  0.13950134169034409       0.13065281383980296        1.2607771070380649E-003
  0.19132703313693450       0.13576752680032572        1.2397172980872177E-003
  0.24302032828405612       0.13884756987096830        1.2336503345421104E-003
  0.29461414288100618       0.14027888159903146        1.2362039836504193E-003
  0.34613423265521515       0.14035519522580753        1.2440780336536832E-003
  0.39760084715970412       0.13930421689364858        1.2554388638661524E-003
  0.44903047432605714       0.13730653182853383        1.2692227411327613E-003
  0.50043726324484106       0.13450807567074935        1.2848182593388653E-003
  0.55183416408775143       0.13102850620194664        1.3019165027328057E-003
  0.60323390536371002       0.12696726025422292        1.3204431843660996E-003
  0.65464994005431609       0.12240858590922797        1.3405377625432795E-003
  0.70609751368688600       0.11742669634177282        1.3625668669100691E-003
  0.75759507714410679       0.11209252184807673        1.3871699301620198E-003
  0.80916644863230947       0.10648472870954115        1.4153348297327034E-003
  0.86084460137463037       0.10071084007552800        1.4484642721227002E-003
  0.91267927740282440        9.4951948036638881E-002   1.4881864079612139E-003
  0.96475448958447629        8.9557560038300080E-002   1.5347560810739444E-003
   1.0172308945399278        8.5191428266656100E-002   1.9488179103016744E-003
   1.0952877833162189        8.2088348018043517E-002   2.2957193707153888E-003
   1.1734092086412269        8.0541335091416685E-002   2.2656519988398988E-003
   1.2515977931350477        7.9652653733165366E-002   2.2462238988729911E-003
   1.3298454785108142        7.9088718484292109E-002   2.2334036618649783E-003
   1.4081407676745552        7.8705656929830725E-002   2.2245339068281788E-003
   1.4864725360485229        7.8431828788481220E-002   2.2180903576925616E-003
   1.5648312660328676        7.8226900501344801E-002   2.2131666976534896E-003
   1.6432092406231487        7.8065567486452103E-002   2.2091817470378207E-003
   1.7216003736338297        7.7930214115681753E-002   2.2057260319435926E-003
   1.7999999523162842        7.7807169640046123E-002   2.2025280389706922E-003
 -0.80000001192092896       0.10668802716870203        2.3179604585878916E-003
 -0.72213519435219609       0.10701460225525573        2.3242562186895637E-003
 -0.64428428779760916       0.10737457930847653        2.3311142231276904E-003
 -0.56645093705409522       0.10780537038357499        2.3391244659172212E-003
 -0.48864101350298444       0.10835776176522433        2.3490883567357950E-003
 -0.41086285078234608       0.10910938467603883        2.3621414158635817E-003
 -0.33312776316918524       0.11019202897842655        2.3799439991738242E-003
 -0.25545128809506423       0.11185237716759451        2.4047399402335311E-003
 -0.17785726668957211       0.11459661554222807        2.4379811201954032E-003
 -0.10039418591944534       0.11953447842705558        2.4697081190095732E-003
  -2.3198473009704415E-002  0.12894151550230790        2.0495730383744814E-003
   3.0036748158172831E-002  0.13921996800371317        1.5326573412000053E-003
   8.2973899273759297E-002  0.14838824101209411        1.4340295848216894E-003
  0.13565339536835488       0.15541687127585516        1.3793853290128121E-003
  0.18811956906732719       0.16034819640294795        1.3519529009682898E-003
  0.24041801165236193       0.16345938186229939        1.3407828935316076E-003
  0.29258815274302763       0.16503455956648783        1.3396209467191676E-003
  0.34466205064804883       0.16531767471860853        1.3449043994153021E-003
  0.39666566219658905       0.16451053838766452        1.3545432284381065E-003
  0.44862057198216460       0.16277977042459313        1.3672828350014929E-003
  0.50054557843521741       0.16026399949007863        1.3823789582125998E-003
  0.55245806054137181       0.15707984910485012        1.3994316353675876E-003
  0.60437520770598396       0.15332696973902180        1.4183029254105542E-003
  0.65631524740536062       0.14909279339784048        1.4390826060011960E-003
  0.70829885155787198       0.14445792479349640        1.4620843687200131E-003
  0.76035099788978011       0.13950355497088404        1.4878601271270889E-003
  0.81250378266511569       0.13432334072139199        1.5172072896843202E-003
  0.86480120053200249       0.12904428853449559        1.5510827148126345E-003
  0.91730814038312181       0.12386400899844931        1.5901336899666494E-003
  0.97012843601464127       0.11910772821220403        1.6330619345310061E-003
   1.0234390956459227       0.11525625493957525        2.0325091975478700E-003
   1.1007540003531235       0.11201869790821613        2.3911115186136638E-003
   1.1781921575620589       0.11020854953958922        2.3711512586749757E-003
   1.2557319742481743       0.10910669275022132        2.3560510756251733E-003
   1.3333546733793247       0.10838564140620988        2.3453138406305946E-003
   1.4110424584701906       0.10788686069043522        2.3375568069011698E-003
   1.4887797110384937       0.10752590663257634        2.3317438442254116E-003
   1.5665534596829553       0.10725324322468255        2.3271799556861348E-003
   1.6443532724067424       0.10703696388241514        2.3233883284275330E-003
   1.7221709121566680       0.10685446917340240        2.3200179974895391E-003
   1.7999999523162842       0.10668802716870203        2.3168581289865517E-003
 -0.80000001192092896       0.13733992116302549        2.4465108668821987E-003
 -0.72271755302328833       0.13774999616062505        2.4525900049952509E-003
 -0.64545267018463570       0.13820018633137623        2.4591367698328951E-003
 -0.56821028642045690       0.13873503821717484        2.4666155113105010E-003
 -0.49099810275088202       0.13941389367269036        2.4756408179924688E-003
 -0.41382701749051204       0.14032489742422272        2.4869881402992131E-003
 -0.33671200581981353       0.14161153777833843        2.5015544249467900E-003
 -0.25967410425877940       0.14352610379923272        2.5198710331959450E-003
 -0.18274588546149206       0.14653848887225854        2.5396566435776534E-003
 -0.10598839016742645       0.15153011939345509        2.5456750419669033E-003
  -2.9537940522734400E-002  0.15988642183597809        2.1212066042971987E-003
   2.4551008319448769E-002  0.16809635822162058        1.6569246537849005E-003
   7.8241120071508879E-002  0.17589714211803004        1.5674884017352149E-003
  0.13161872522360463       0.18223140557252301        1.5104573051165414E-003
  0.18474370122880493       0.18688082513753734        1.4780133764105666E-003
  0.23766865871540935       0.18994476597699847        1.4621358495352944E-003
  0.29043875166871391       0.19160771285657663        1.4572479621278219E-003
  0.34309151857175052       0.19205908468795019        1.4597947752394611E-003
  0.39565808412281234       0.19147024802616647        1.4675425204233416E-003
  0.44816484020474062       0.18999051047558366        1.4790884191438944E-003
  0.50063511193953136       0.18774884822376822        1.4935683065286005E-003
  0.55309068559583285       0.18485716815171577        1.5104909853577710E-003
  0.60555324701859969       0.18141401701113752        1.5296476626729960E-003
  0.65804585887208511       0.17750876961275200        1.5510655876713666E-003
  0.71059467253877928       0.17322687194847203        1.5749861709842643E-003
  0.76323118284789071       0.16865722429337543        1.6018478204875527E-003
  0.81599556218328162       0.16390349371784335        1.6322355397592348E-003
  0.86894208124992911       0.15910189140548181        1.6667028297590917E-003
  0.92214851393732966       0.15444694086656410        1.7052492788648958E-003
  0.97573254077602345       0.15021612433257531        1.7461483584622780E-003
   1.0298767324429954       0.14674438769535361        2.1359374613957030E-003
   1.1064213178474707       0.14352976413188454        2.4995778237215877E-003
   1.1831490007984313       0.14155802328288822        2.4887966602734940E-003
   1.2600157092543500       0.14029139218866632        2.4784139104773160E-003
   1.3369907101403586       0.13943583173202379        2.4701884233503590E-003
   1.4140491019080630       0.13883205463225767        2.4638537217581075E-003
   1.4911704104485883       0.13838899354798967        2.4588818630716649E-003
   1.5683380522613057       0.13805072354163461        2.4548214575541454E-003
   1.6455387927632894       0.13778010593345102        2.4513232235692157E-003
   1.7227621690038544       0.13755028826241500        2.4481099293432993E-003
   1.7999999523162842       0.13733992116302549        2.4450465900084386E-003
 -0.80000001192092896       0.16999431252824906        2.5917125332778151E-003
 -0.72332293204563713       0.17048601587136333        2.5974239572950386E-003
 -0.64666711168298363       0.17102336498578991        2.6034817047923832E-003
 -0.57003894327611448       0.17165655600797916        2.6101954699798242E-003
 -0.49344813432692980       0.17245098051393856        2.6179634054379801E-003
 -0.41690834992710157       0.17350058325613035        2.6271717870211303E-003
 -0.34043848208452854       0.17495119810799495        2.6379754567219748E-003
 -0.26406529756228853       0.17704232483957094        2.6494962683517738E-003
 -0.18782969881915124       0.18017725282932265        2.6571959498689467E-003
 -0.11180220762371039       0.18500384206168904        2.6453338956177138E-003
  -3.6114701312757035E-002  0.19230057177368245        2.2269683347456901E-003
   1.8828896770399839E-002  0.19904840597723525        1.7947133974754474E-003
   7.3290062713045015E-002  0.20567041995410820        1.7139309282028282E-003
  0.12738498712687091       0.21129356065370827        1.6564973401675647E-003
  0.18118945744738343       0.21559197510392314        1.6203480212276192E-003
  0.23476392259681539       0.21854064753927685        1.6003025236275142E-003
  0.28815903165807039       0.22023726686221712        1.5918007874683741E-003
  0.34141726241264103       0.22081722037263421        1.5915367713361557E-003
  0.39457444483546678       0.22041907757440524        1.5972589493601951E-003
  0.44766147630187425       0.21917232580715143        1.6074742979563159E-003
  0.50070604278279018       0.21719420086632274        1.6212219514579211E-003
  0.55373426304835871       0.21459020619811087        1.6379252578058341E-003
  0.60677229403645261       0.21145631881784266        1.6573008365014393E-003
  0.65984801838341800       0.20788235200896754        1.6793034091577422E-003
  0.71299301279380123       0.20395666346221319        1.7040877215316781E-003
  0.76624511106502513       0.19977285873965550        1.7319649751385184E-003
  0.81965207924074779       0.19543944041722813        1.7633144090596442E-003
  0.87327726952561191       0.19109302873239625        1.7983751099538055E-003
  0.92720858350515900       0.18691293784319674        1.8368083717328378E-003
  0.98157208475000191       0.18312482806454808        1.8770454626622511E-003
   1.0365489196057065       0.17996030244777964        2.2595106552883823E-003
   1.1123009752731097       0.17686033287405781        2.6242203260544508E-003
   1.1882927138452251       0.17481036990639237        2.6215547456702399E-003
   1.2644614491791983       0.17342689607020867        2.6160552064120267E-003
   1.3407647026546761       0.17246226654147995        2.6106951164198062E-003
   1.4171701745251164       0.17176686655499132        2.6060859634219071E-003
   1.4936523363476102       0.17124868325481715        2.6021816608572802E-003
   1.5701908910254174       0.17084833242701661        2.5987894268598528E-003
   1.6467697388590739       0.17052499810933675        2.5957051406254122E-003
   1.7233761297333590       0.17024845914012499        2.5927390655781759E-003
   1.7999999523162842       0.16999431252824906        2.5898479857955604E-003
 -0.80000001192092896       0.20493126130677913        2.7571041889445295E-003
 -0.72395409973389846       0.20550077464083222        2.7622657842463639E-003
 -0.64793308191379850       0.20612002245554703        2.7676261087981281E-003
 -0.57194500305186735       0.20684311673680181        2.7733139886246612E-003
 -0.49600172591236202       0.20773875662451352        2.7794930108889760E-003
 -0.42011981359997558       0.20890196844398207        2.7861605604942012E-003
 -0.34432215875594646       0.21047268958690221        2.7928157979512517E-003
 -0.26864110025638360       0.21266447733104926        2.7975638657922455E-003
 -0.19312481056162537       0.21580118288955613        2.7948669989728220E-003
 -0.11785021471042974       0.22032708127478848        2.7708839451833730E-003
  -4.2943089232375053E-002  0.22663625076512822        2.3626564193182506E-003
   1.2854333609804989E-002  0.23228433840100149        1.9516600871928803E-003
   6.8103309917403904E-002  0.23790734013905987        1.8778646642119640E-003
  0.12293670627035501       0.24284203501039678        1.8210938032621809E-003
  0.17744376638832665       0.24674814264006451        1.7823326467849827E-003
  0.23169287361100474       0.24952666930085485        1.7587143724260088E-003
  0.28574008584410948       0.25120740571083616        1.7468068323343619E-003
  0.33963246549659593       0.25187671826542923        1.7437290055801673E-003
  0.39341016287314434       0.25164042724696478        1.7473319276061496E-003
  0.44710827796642016       0.25060680759353832        1.7560986684763823E-003
  0.50075865120341578       0.24887971819559029        1.7690035250969133E-003
  0.55439159910930491       0.24655668581711257        1.7853964143781842E-003
  0.60803764946457184       0.24372957935997361        1.8049200258223460E-003
  0.66172939370884498       0.24048695760775662        1.8274506832731191E-003
  0.71550364750130868       0.23691791289625086        1.8530484130026500E-003
  0.76940421219883492       0.23311759378412741        1.8818955739039404E-003
  0.82348568295683922       0.22919456849107225        1.9141920493007051E-003
  0.87781894691890583       0.22527931015406172        1.9499627588217925E-003
  0.93249911138815833       0.22153009562663495        1.9887552695894970E-003
  0.98765602113710826       0.21812594154976223        2.0293765445346152E-003
   1.0434649867130554       0.21522901287504220        2.4054584526432238E-003
   1.1184067458729365       0.21229802718148066        2.7686757786685766E-003
   1.1936388130695894       0.21023685035865966        2.7731212863757277E-003
   1.2690843739449005       0.20878218020235068        2.7725123851975926E-003
   1.3446904577828518       0.20773578403472800        2.7702950405804421E-003
   1.4204176092270491       0.20696454440945888        2.7676995451442654E-003
   1.4962352773835961       0.20638027360630254        2.7651004446614361E-003
   1.5721194538604015       0.20592296401080654        2.7625609189167359E-003
   1.6480511658944736       0.20554977841975536        2.7600325073323553E-003
   1.7240153489806849       0.20522813706123824        2.7574242048961591E-003
   1.7999999523162842       0.20493126130677913        2.7548006591726617E-003
 -0.80000001192092896       0.24249401438256105        2.9473094044312770E-003
 -0.72461454596362718       0.24313512975840321        2.9517058551850311E-003
 -0.64925746300677789       0.24382839796823680        2.9561292929894661E-003
 -0.57393860857571521       0.24462992848894236        2.9605062725185766E-003
 -0.49867208823458914       0.24560891127123485        2.9647615282429179E-003
 -0.42347737829739979       0.24685708846892729        2.9685325665343774E-003
 -0.34838123437242519       0.24850198468262449        2.9707957844359750E-003
 -0.27342102687935160       0.25072353456451768        2.9690446820906323E-003
 -0.19865071444954510       0.25376625523268653        2.9576607524553155E-003
 -0.12415089499619622       0.25791375958003188        2.9255743275285475E-003
  -5.0040879852671763E-002  0.26333181666149630        2.5289132910664156E-003
   6.6088407540296707E-003  0.26810879032083534        2.1335882510594767E-003
   6.2660870316221987E-002  0.27288589405308677        2.0649075696628047E-003
  0.11825497178825495       0.27717638923440446        2.0091728800917912E-003
  0.17349000352872637       0.28067207792961352        1.9686080670866771E-003
  0.22844143974571554       0.28323965033660964        1.9419897397281094E-003
  0.28317047014261165       0.28486141305045637        1.9269449768131084E-003
  0.33772842522199553       0.28558283463418421        1.9211132414332414E-003
  0.39215942578354945       0.28547924700419847        1.9225465447726591E-003
  0.44650246057494719       0.28463756419497338        1.9297705692485161E-003
  0.50079327074187840       0.28314723756535776        1.9417323320843939E-003
  0.55506616418095001       0.28109647767163881        1.9577261011831633E-003
  0.60935584691737210       0.27857152894829723        1.9773262358770299E-003
  0.66369938997228550       0.27565791458189776        2.0003298192182574E-003
  0.71813850590507511       0.27244319303929532        2.0267009042594449E-003
  0.77272238442128982       0.26902100775939009        2.0565013022266895E-003
  0.82751142627338092       0.26549600999353895        2.0897876383188753E-003
  0.88258227312907156       0.26198826796004893        2.1264589452843724E-003
  0.93803438865475919       0.25863353091029689        2.1660823852087526E-003
  0.99399769661262716       0.25557242824807180        2.2078582635573305E-003
   1.0506389128283653       0.25292141647522259        2.5776854273860590E-003
   1.1247559081241849       0.25019219324502423        2.9375382487005974E-003
   1.1992061197341493       0.24817305434616102        2.9482275395529400E-003
   1.2739030000000919       0.24668949189956019        2.9524143395548343E-003
   1.3487850071639758       0.24558964103488179        2.9535453810285656E-003
   1.4238062664400377       0.24476047278927573        2.9532295811694705E-003
   1.4989315084299615       0.24412125196485626        2.9521793087557632E-003
   1.5741331627715724       0.24361390226502594        2.9506949842075737E-003
   1.6493894626672319       0.24319522903220711        2.9488861838020881E-003
   1.7246830602811027       0.24283139132662590        2.9467683260693419E-003
   1.7999999523162842       0.24249401438256105        2.9445294531528221E-003
 -0.80000001192092896       0.28310958475848635        3.1684975701591063E-003
 -0.72530863210325336       0.28381320892044115        3.1718785818154950E-003
 -0.65064884304549087       0.28456956032193009        3.1750949479996209E-003
 -0.57603237553840370       0.28543472954708815        3.1778563412256837E-003
 -0.50147556810009752       0.28647568419582670        3.1798593114480325E-003
 -0.42700066886264570       0.28777718368230459        3.1804351194992665E-003
 -0.35263791068817385       0.28944989127920090        3.1781946012095223E-003
 -0.27842882045925121       0.29163737829497238        3.1703799887931729E-003
 -0.20443143730672864       0.29451315072351375        3.1518674178242084E-003
 -0.13072773100710322       0.29824330174793529        3.1143703214724112E-003
  -5.7430613956617339E-002  0.30286730420947294        2.7298109193293610E-003
   6.9760778141504448E-005  0.30692566556210871        2.3474390679303317E-003
   5.6938941038986182E-002  0.31098104349056810        2.2821946290885373E-003
  0.11331668344269354       0.31468044087854186        2.2274233586361083E-003
  0.16930728286266583       0.31776501784562833        2.1855736753732913E-003
  0.22499166964181774       0.32009425174030209        2.1564489875862880E-003
  0.28043551068012962       0.32162155682394483        2.1385587682850268E-003
  0.33569397658352124       0.32236110439776644        2.1300817098956629E-003
  0.39081477102497525       0.32236171198483154        2.1293370622164159E-003
  0.44584041383150574       0.32168998568675561        2.1349519026944101E-003
  0.50081022550898424       0.32042063326464593        2.1458853470959663E-003
  0.55576220759290718       0.31863154969133506        2.1613982891397136E-003
  0.61073493683654245       0.31640196406047622        2.1810073133086100E-003
  0.66576959203157704       0.31381261133455168        2.2044347968412097E-003
  0.72091226356093963       0.31094731538148962        2.2315539614168379E-003
  0.77621673747896314       0.30789549421177193        2.2623211251199295E-003
  0.83174797506985720       0.30475484895684435        2.2966868108898566E-003
  0.88758646668626051       0.30163273209654756        2.3344895561354228E-003
  0.94383338985225285       0.29864339249640404        2.3753767008474046E-003
   1.0006158325581416       0.29589728504244300        2.4188726097580881E-003
   1.0580901767423956       0.29348073130970237        2.7820174244731358E-003
   1.1313703996463740       0.29097351092792295        3.1368934249825886E-003
   1.2050177767523178       0.28903860840157897        3.1531125674531426E-003
   1.2789400335193839       0.28756466293482602        3.1619404874849905E-003
   1.3530693478807307       0.28643999619223293        3.1665614715915553E-003
   1.4273545780615462       0.28557265086512357        3.1687639328171046E-003
   1.5017563296357839       0.28489175257157412        3.1695064874438668E-003
   1.5762438035575315       0.28434328252598234        3.1692950922136021E-003
   1.6507926389709142       0.28388526517617874        3.1683913382017331E-003
   1.7253833221751720       0.28348373591691350        3.1669203408226502E-003
   1.7999999523162842       0.28310958475848635        3.1652075864629617E-003
 -0.80000001192092896       0.32731846562910027        3.4290938222839898E-003
 -0.72604180025494336       0.32807206507930281        3.4311728126090110E-003
 -0.65211792761081155       0.32887703049557965        3.4328823083297441E-003
 -0.57824199427105116       0.32978742458427468        3.4337090944354591E-003
 -0.50443242672139765       0.33086556034610082        3.4331467969672164E-003
 -0.43071391304622103       0.33218641806149718        3.4302918469494557E-003
 -0.35711952234966809       0.33384148236618910        3.4235492711796041E-003
 -0.28369379256983096       0.33593915294554527        3.4101925131543157E-003
 -0.21049705492058554       0.33859442880554702        3.3858804391936103E-003
 -0.13761071832878158       0.34189312496408286        3.3447151242842841E-003
  -6.5141327566117888E-002  0.34581150300154745        2.9727228298985857E-003
  -6.7917050844373853E-003  0.34925825126715460        2.6023227646748423E-003
   5.0908143617185410E-002  0.35269061235186128        2.5391407668398092E-003
  0.10809321007902534       0.35585296450663789        2.4850141099173545E-003
  0.16486930079309392       0.35853753503280128        2.4421484293025422E-003
  0.22132065544935639       0.36061274029781598        2.4109011625069029E-003
  0.27751633492013222       0.36201805248872326        2.3904476622956510E-003
  0.33351469307236237       0.36274595384132641        2.3794654290828889E-003
  0.38936650442500176       0.36282376075789824        2.3765720584835019E-003
  0.44511736496806570       0.36229982969911273        2.3805409941815691E-003
  0.50080974906704900       0.36123449120963985        2.3903805433334799E-003
  0.55648493175319658       0.35969474274474766        2.4053430771772241E-003
  0.61218490790968916       0.35775163333084448        2.4249023057859747E-003
  0.66795442122678961       0.35547950535939471        2.4487155199354733E-003
  0.72384322318971039       0.35295645872236303        2.4765755174426959E-003
  0.77990869164840237       0.35026543170603597        2.5083515603932178E-003
  0.83621892077161630       0.34749508049409805        2.5439203882603859E-003
  0.89285629811879452       0.34473916812088146        2.5831007876641822E-003
  0.94992132795152240       0.34209263748540031        2.6256324679894225E-003
   1.0075359700407656       0.33964268071811260        2.6712706327690371E-003
   1.0658451379558322       0.33745534845460595        3.0268237145486192E-003
   1.1382783588825136       0.33518306841619366        3.3750772082131062E-003
   1.2111026739013784       0.33336603338298310        3.3962504289520249E-003
   1.2842236126071185       0.33193642703045861        3.4095334787458860E-003
   1.3575695223878650       0.33081543251666229        3.4177296136389040E-003
   1.4310854755617786       0.32993124963001191        3.4226568386869268E-003
   1.5047288348248420       0.32922411187996542        3.4254304120519400E-003
   1.5784661195252734       0.32864565968730813        3.4267211812018354E-003
   1.6522707302805320       0.32815653832465469        3.4269287913331978E-003
   1.7261212233798455       0.32772378382630302        3.4262862721097694E-003
   1.7999999523162842       0.32731846562910027        3.4252679828102382E-003
 -0.80000001192092896       0.37581863925009606        3.7409441630677897E-003
 -0.72682087979752186       0.37660561429074824        3.7413974649585353E-003
 -0.65367814575692684       0.37744067607708492        3.7412725135759373E-003
 -0.58058712266710177       0.37837397574562076        3.7398373748875045E-003
 -0.50756800620247577       0.37946117790461381        3.7364207405979422E-003
 -0.43464737463230413       0.38076572020012500        3.7299649793580652E-003
 -0.36186024165174380       0.38235954253875609        3.7188135660124557E-003
 -0.28925279959086880       0.38431979251035692        3.7004639892827280E-003
 -0.21688587130238823       0.38671663477007734        3.6714364265451748E-003
 -0.14483861982074581       0.38958487739304165        3.6276955813989149E-003
  -7.3211004449658959E-002  0.39287460864089024        3.2691156751510544E-003
  -1.4013091065624154E-002  0.39578788505997353        2.9109374375116269E-003
   4.4530991339244652E-002  0.39867520405868778        2.8487376020960909E-003
  0.10254820591670737       0.40135114718716086        2.7948305894096325E-003
  0.16014244132577860       0.40365383300458219        2.7510277804878203E-003
  0.21739885043758717       0.40546869399505159        2.7179253224508880E-003
  0.27438841212896303       0.40673205911944527        2.6951580536294455E-003
  0.33117170324268280       0.40742327395389893        2.6818260599510021E-003
  0.38780184570068826       0.40755351081152164        2.6768447577200749E-003
  0.44432688941358417       0.40715563598782939        2.6791618720959204E-003
  0.50079187827319838       0.40627659874449079        2.6878660892158354E-003
  0.55724077205254297       0.40497237091896560        2.7022263679800603E-003
  0.61371834457404228       0.40330496771698693        2.7216915487654511E-003
  0.67027215465370416       0.40134099183423383        2.7458675745616239E-003
  0.72695467641590705       0.39915115474298174        2.7744808412904780E-003
  0.78382566034522116       0.39681019063541728        2.8073323765276359E-003
  0.84095475107917428       0.39439643409923225        2.8442495660337165E-003
  0.89842427830766791       0.39199011982341625        2.8850510137204792E-003
  0.95633192747937712       0.38966938740412127        2.9295536794608028E-003
   1.0147926901526860       0.38750349039807291        2.9776558723069750E-003
   1.0739392151471618       0.38554432597233501        3.3241782649227280E-003
   1.1455163633864931       0.38351577692895583        3.6638822552384855E-003
   1.2174975493003142       0.38184384888803785        3.6895404501133778E-003
   1.2897891808750108       0.38048986895231723        3.7070744321786434E-003
   1.3623182542253232       0.37940063608816982        3.7188791256106300E-003
   1.4350277868619277       0.37852237040864173        3.7267002021304594E-003
   1.5078730585428362       0.37780665424912740        3.7317297193246559E-003
   1.5808186918603480       0.37721182439144701        3.7347581866336100E-003
   1.6538363950518622       0.37670230192130311        3.7363025135126434E-003
   1.7269031847329912       0.37624717935948354        3.7366964724712981E-003
   1.7999999523162842       0.37581863925009606        3.7365706441272756E-003
 -0.80000001192092896       0.42953378150296939        4.1212563068553157E-003
 -0.72765457426227709       0.43033274745899353        4.1197228205746639E-003
 -0.65534661702760633       0.43117475475529116        4.1174105247512071E-003
 -0.58309282058958367       0.43210440574448450        4.1133845283048550E-003
 -0.51091461730052012       0.43316928102582397        4.1068561662404544E-003
 -0.43883968419872660       0.43442056128392076        4.0966952120240312E-003
 -0.36690384376436819       0.43591186617525562        4.0813000368726971E-003
 -0.29515341220931396       0.43769455496506782        4.0584999457603053E-003
 -0.22364789990571057       0.43980682646844543        4.0256215986988423E-003
 -0.15246264910485249       0.44225392459319057        3.9799812957485763E-003
  -8.1690486810733473E-002  0.44498028345580326        3.6363765841472299E-003
  -2.1644685320377038E-002  0.44741858516934674        3.2917753216000563E-003
   3.7757907014996185E-002  0.44982227172974226        3.2297286096028438E-003
   9.6633957991367023E-002  0.45205685257128980        3.1756027694956712E-003
  0.15508253251015403       0.45399902496336131        3.1308187906728376E-003
  0.21318722991036049       0.45555407337635451        3.0960275668362042E-003
  0.27101914437590452       0.45666218481559545        3.0711545819054396E-003
  0.32863977014427553       0.45729647919275518        3.0556328892927731E-003
  0.38610355888066294       0.45745709292188952        3.0486515636378316E-003
  0.44346014008027207       0.45716451266981672        3.0493433397947582E-003
  0.50075630837393792       0.45645379268774028        3.0569000352905751E-003
  0.55803788423344480       0.45537019442639615        3.0706301662591202E-003
  0.61535153558605160       0.45396621302790824        3.0899770154298911E-003
  0.67274662981777733       0.45229970592309537        3.1145114257760194E-003
  0.73027716783551166       0.45043273101920756        3.1439090247966182E-003
  0.78800382369944899       0.44843062543673301        3.1779194368035586E-003
  0.84599605937992062       0.44636077333706775        3.2163364099829237E-003
  0.90433418799544629       0.44429046493571189        3.2589822528057127E-003
  0.96311111430993013       0.44228337524146194        3.3057238293116419E-003
   1.0224333174774758       0.44039469405721932        3.3565310206441568E-003
   1.0824205524280279       0.43866589990904831        3.6918856696758554E-003
   1.1531330462472289       0.43688778432067121        4.0205519142509074E-003
   1.2242503831424556       0.43538371279343618        4.0502887381103610E-003
   1.2956825428159260       0.43413383817701745        4.0718472354032472E-003
   1.3673576217633061       0.43310406528221118        4.0872388170964556E-003
   1.4392185094923839       0.43225584805172218        4.0980762161373242E-003
   1.5112198300551387       0.43155156591088439        4.1055627945399669E-003
   1.5833253536917875       0.43095673860024969        4.1105629434496143E-003
   1.6555058695559919       0.43044042211817501        4.1136847690567222E-003
   1.7277374403738275       0.42997470039520980        4.1153502153469610E-003
   1.7999999523162842       0.42953378150296939        4.1163473421480853E-003
 -0.80000001192092896       0.48972185567915405        4.5960814855043313E-003
 -0.72855425323875700       0.49050578839309733        4.5921625749181212E-003
 -0.65714572958891826       0.49132625305101779        4.5872876959131420E-003
 -0.58579190130645431       0.49222102540609319        4.5803480424052578E-003
 -0.51451464797578783       0.49322879206359616        4.5704907952650933E-003
 -0.44334168674671970       0.49438871905651899        4.5565878256929957E-003
 -0.37230826531972144       0.49573845590649757        4.5371753269079470E-003
 -0.30145912209166059       0.49730956595769821        4.5104522641561933E-003
 -0.23085059888909121       0.49911925769409804        4.4744265996706977E-003
 -0.16055260689836692       0.50115798373128861        4.4273349999810222E-003
  -9.0649928709391744E-002  0.50337503070669809        4.1013813781756907E-003
  -2.9756131760738644E-002  0.50538227347056519        3.7729888969071060E-003
   3.0520665545249438E-002  0.50735019762546130        3.7104917084391665E-003
   9.0285202130122283E-002  0.50918180493586440        3.6557663595286078E-003
  0.14962924664994751       0.51078517298293713        3.6099080981645947E-003
  0.20863238231458364       0.51208526284654576        3.5735317874044416E-003
  0.26736373451939915       0.51303009694201551        3.5467312063466074E-003
  0.32588402876955125       0.51359167559584118        3.5291866657627159E-003
  0.38424764761469588       0.51376354389635126        3.5203230548481140E-003
  0.44250456921710402       0.51355693684956238        3.5194542486973257E-003
  0.50070218183685766       0.51299681020866283        3.5258884093598386E-003
  0.55888701033824029       0.51211841717999007        3.5389922463527940E-003
  0.61710639827314995       0.51096463236486400        3.5582218369385778E-003
  0.67541018159586674       0.50958395151046543        3.5831294223443756E-003
  0.73385237294149430       0.50802894304868873        3.6133547688720850E-003
  0.79249284585210289       0.50635483944275739        3.6486090550301659E-003
  0.85139896047263897       0.50461791422897051        3.6886598427559505E-003
  0.91064700254433151       0.50287332016395259        3.7333268152817426E-003
  0.97032322318230890       0.50117222821801966        3.7824967542137889E-003
   1.0305241964721088       0.49955846238856172        3.8361579624877173E-003
   1.0913562090562527       0.49806531581378938        4.1571751091035196E-003
   1.1611950973954355       0.49654381226891225        4.4713549514965928E-003
   1.2314260090991529       0.49522760059074739        4.5047637372373486E-003
   1.3019649297675486       0.49410838806183077        4.5300700671938657E-003
   1.3727434940026155       0.49316568849373177        4.5489527990826822E-003
   1.4437065708841654       0.49237319511296929        4.5628633363169174E-003
   1.5148098261513743       0.49170297644660482        4.5729666527368649E-003
   1.5860175077794008       0.49112773197766485        4.5801577602054095E-003
   1.6573005270656431       0.49062169429504443        4.5851062688131621E-003
   1.7286348215195220       0.49016070837542491        4.5883045729785609E-003
   1.7999999523162842       0.48972185567915405        4.5906903129943550E-003
 -0.80000001192092896       0.55815958725403625        5.2069160948267140E-003
 -0.72953536558675480       0.55889475108399167        5.2001754503183291E-003
 -0.65910596326641979       0.55965892698675679        5.1923441540152031E-003
 -0.58872915228381661       0.56048223630984750        5.1821847993168291E-003
 -0.51842616323651158       0.56139429288054865        5.1688351128458153E-003
 -0.44822339229792896       0.56242326418557254        5.1512320020854216E-003
 -0.37815385430899429       0.56359381069914416        5.1280998522058151E-003
 -0.30825879223473407       0.56492344837561681        5.0979961443951777E-003
 -0.23858936213795767       0.56641705017167043        5.0594618229209245E-003
 -0.16920822090163651       0.56805984709544055        5.0113207321468610E-003
 -0.10019074961346601       0.56981067376403649        4.7074514699851269E-003
  -3.8448644318216464E-002  0.57141861288350027        4.3997136799284152E-003
   2.2720290531611800E-002  0.57298677230257833        4.3364185060880715E-003
   8.3407602237626985E-002  0.57444629837635053        4.2808610283193100E-003
  0.14369556269276040       0.57573044925761685        4.2338863984873933E-003
  0.20365724229573889       0.57678221400340779        4.1960404847384810E-003
  0.26335740883757891       0.57755927682132735        4.1675067671213895E-003
  0.32285388173172475       0.57803596033341886        4.1481420650749433E-003
  0.38219907609580039       0.57820278490881738        4.1375654479637279E-003
  0.44144158722043414       0.57806461141915300        4.1352580152769474E-003
  0.50062775036795715       0.57763821221696987        4.1406482950130646E-003
  0.55980315823783200       0.57694982502712089        4.1531736255659302E-003
  0.61901413817746520       0.57603296124382863        4.1723174694534258E-003
  0.67830919288733160       0.57492652687408352        4.1976270691300695E-003
  0.73774039720949192       0.57367317453930111        4.2287174657947291E-003
  0.79736472117213453       0.57231772615928256        4.2652684355610534E-003
  0.85724521634681128       0.57090548362182370        4.3070210824427248E-003
  0.91745196183146249       0.56948028904815362        4.3537802258423472E-003
  0.97806262717845338       0.56808232318192353        4.4054258636148924E-003
   1.0391624899495586       0.56674583433572312        4.4619303236648139E-003
   1.1008437666611197       0.56549720492275246        4.7637716770087320E-003
   1.1697983651376624       0.56423949305025267        5.0583808528116697E-003
   1.2391164074525214       0.56313018780482538        5.0949481004226582E-003
   1.3087222558252147       0.56216748906699776        5.1236046142594709E-003
   1.3785536084905849       0.56134008580458916        5.1457576797248952E-003
   1.4485596476620670       0.56063102093107875        5.1626909875763629E-003
   1.5186990813897021       0.56002062020844412        5.1754954755272656E-003
   1.5889382913297361       0.55948836735934371        5.1850573674685927E-003
   1.6592496697246859       0.55901390489699787        5.1920756562996969E-003
   1.7296101566495856       0.55857741282561790        5.1970906308679262E-003
   1.7999999523162842       0.55815958725403625        5.2011672251254274E-003
 -0.80000001192092896       0.63747294875204519        6.0243702377783138E-003
 -0.73062009342666678       0.63811744838589524        6.0143340007075066E-003
 -0.66127119913547927       0.63878300944738253        6.0031401074463475E-003
 -0.59196929373471829       0.63949177185817896        5.9894906815255418E-003
 -0.52273349660172830       0.64026466759758827        5.9725666634392978E-003
 -0.45358716704984170       0.64112040864815756        5.9514199375643772E-003
 -0.38455909226742596       0.64207381553118836        5.9249885948806508E-003
 -0.31568477962385466       0.64313334837630920        5.8921531517870307E-003
 -0.24700782783162678       0.64429789008643668        5.8518516779398656E-003
 -0.17858132388064094       0.64555321923814624        5.8032591306670630E-003
 -0.11046918370692856       0.64686920631179923        5.5289019545837290E-003
  -4.7879227906810359E-002  0.64809763866335368        5.2492724473838966E-003
   1.4202999232160569E-002  0.64929014532319840        5.1852553072345492E-003
   7.5854748293204252E-002  0.65039952079168906        5.1289726032546779E-003
  0.13714661550777615       0.65137925054215140        5.0810792493354929E-003
  0.19814243605240769       0.65218821275255268        5.0420497373656883E-003
  0.25889976390574576       0.65279423354200961        5.0121151971223594E-003
  0.31947074463894104       0.65317606247633375        4.9912598279870379E-003
  0.37990321735056209       0.65332385709244956        4.9792607929197855E-003
  0.44024192738300710       0.65323856031250394        4.9757484643811216E-003
  0.50052977508725649       0.65293061840656230        4.9802681356616342E-003
  0.56080905785278223       0.65241840809065621        4.9923321125352835E-003
  0.62112268068394316       0.65172660951115025        5.0114579814394050E-003
  0.68151531640227758       0.65088463425200926        5.0371934677469954E-003
  0.74203449263444077       0.64992512029350280        5.0691309181059531E-003
  0.80273157167538811       0.64888244825997810        5.1069156979408207E-003
  0.86366257415863901       0.64779121892631830        5.1502530300738250E-003
  0.92488878268266406       0.64668466286273685        5.1989168419385341E-003
  0.98647705309044886       0.64559302574416233        5.2527614951261466E-003
   1.0484997639470450       0.64454206819288751        5.3117324784336161E-003
   1.1110343460106196       0.64355189485341746        5.5866214695888114E-003
   1.1790896224717009       0.64256812082706305        5.8536504137447418E-003
   1.2474606817301137       0.64168598435347746        5.8925411463009369E-003
   1.3160829465149793       0.64090670023844476        5.9238683174337994E-003
   1.3849030399667328       0.64022469534342197        5.9488257402508351E-003
   1.4538771570833877       0.63962978346226695        5.9685318562508142E-003
   1.5229694367633342       0.63910900455218278        5.9839756405316961E-003
   1.5921504418588084       0.63864796363842213        5.9959971777875931E-003
   1.6613957852895143       0.63823168001564312        6.0052900584611751E-003
   1.7306849029215068       0.63784503781350510        6.0124150198857815E-003
   1.7999999523162842       0.63747294875204519        6.0185177653365347E-003
 -0.80000001192092896       0.73178399410779149        7.1797678631590357E-003
 -0.73184286710839874       0.73228564626150006        7.1659308783439280E-003
 -0.66370976489372335       0.73280061365920157        7.1509737942749320E-003
 -0.59561357274320526       0.73334321155653059        7.1336440093541544E-003
 -0.52756940920692263       0.73392651361566497        7.1132139162243804E-003
 -0.45959546017588720       0.73456155645285170        7.0888910122182316E-003
 -0.39171385726296420       0.73525624057236116        7.0598433220607658E-003
 -0.32395163736228727       0.73601391887132517        7.0252460278883511E-003
 -0.25634180538651402       0.73683177797675237        6.9843499760901774E-003
 -0.18892454995041416       0.73769929059780026        6.9365585110293939E-003
 -0.12174875112521644       0.73859721889286756        6.7048256791593175E-003
  -5.8315144657254736E-002  0.73945123820521974        6.4664918054643814E-003
   4.7059478198837991E-003  0.74027755993503719        6.4028181869269221E-003
   6.7376216322309695E-002  0.74104623891428323        6.3467865778668647E-003
  0.12975189805205109       0.74172734108261917        6.2988826176397037E-003
  0.19188412120275017       0.74229366441282452        6.2595220806475676E-003
  0.25381942658417139       0.74272302903058862        6.2289771789733736E-003
  0.31560043890950823       0.74299982830195621        6.2073420117755270E-003
  0.37726665655654873       0.74311575879545788        6.1945340178597794E-003
  0.43885532020501034       0.74306982462613003        6.1903198162069611E-003
  0.50040232052476552       0.74286780134140662        6.1943527910028199E-003
  0.56194311025236310       0.74252135537615394        6.2062126244458050E-003
  0.62351359181535493       0.74204697760291161        6.2254409584063626E-003
  0.68515095545574689       0.74146483429549015        6.2515709648386713E-003
  0.74689444426029516       0.74079758802662476        6.2841512800636337E-003
  0.80878602323591775       0.74006920759340400        6.3227664538544103E-003
  0.87087093264133864       0.73930377587467300        6.3670568318365704E-003
  0.93319811505487371       0.73852431758342418        6.4167405787079520E-003
  0.99582052389214870       0.73775169875949242        6.4716391045699546E-003
   1.0587953448560645       0.73700368267145122        6.5317037382290341E-003
   1.1221841684260359       0.73629424307326552        6.7660929878673101E-003
   1.1893145475127975       0.73560073413375060        6.9918112581239021E-003
   1.2566884231452515       0.73497045988342213        7.0313684190143775E-003
   1.3242561766119052       0.73440532044392870        7.0640310211038306E-003
   1.3919770782992547       0.73390294028972280        7.0908020279703927E-003
   1.4598176795276445       0.73345777310363003        7.1126188992143291E-003
   1.5277504755009805       0.73306211381884356        7.1303323087300429E-003
   1.5957527415865240       0.73270690907506475        7.1446929082902315E-003
   1.6638055041480304       0.73238233649512730        7.1563479307046804E-003
   1.7318926217045321       0.73207817270755760        7.1658449624660506E-003
   1.7999999523162842       0.73178399410779149        7.1743196226637801E-003
 -0.80000001192092896       0.84811856091693527        8.9508741463133184E-003
 -0.73326312875441602       0.84841156096656489        8.9327559741513504E-003
 -0.66654002585432248       0.84871086073722379        8.9137200119838635E-003
 -0.59983830453547782       0.84902344359939141        8.8927346689834184E-003
 -0.53316675701636207       0.84935552923738478        8.8692044227563424E-003
 -0.46653582047279724       0.84971214796149319        8.8425314145745369E-003
 -0.39995805893156078       0.85009661983206841        8.8121444901886111E-003
 -0.33344868272643535       0.85050995254707740        8.7775378426373490E-003
 -0.26702610886161177       0.85095021588522701        8.7383180408015550E-003
 -0.20071255313313727       0.85141200458587218        8.6942546184020572E-003
 -0.13453461244243003       0.85188615196161621        8.5307370181066464E-003
  -7.0275823345753816E-002  0.85234733059888124        8.3598912120037318E-003
  -6.2846981874609912E-003  0.85279335076589402        8.3007058843646026E-003
   5.7481847679324072E-002  0.85320904464628267        8.2485355315224055E-003
  0.12106067266337604       0.85357897817760986        8.2036767533893544E-003
  0.18448437804917039       0.85388876611180731        8.1665588128245585E-003
  0.24778241057211803       0.85412626883153031        8.1375782451350021E-003
  0.31098179248356073       0.85428251248313614        8.1170047531319064E-003
  0.37410770957064038       0.85435224758510264        8.1049368975155273E-003
  0.43718405499393964       0.85433413806056979        8.1012927677508468E-003
  0.50023396121447139       0.85423062874302302        8.1058237506077251E-003
  0.56328032171480535       0.85404756653830061        8.1181419312900266E-003
  0.62634629180575752       0.85379365270357765        8.1377542894655562E-003
  0.68945575494044675       0.85347979114127448        8.1640995495077633E-003
  0.75263374421814067       0.85311838069103008        8.1965860590871818E-003
  0.81590681848678270       0.85272258602830930        8.2346313281550180E-003
  0.87930341228081177       0.85230561604625210        8.2777060903584578E-003
  0.94285421634069821       0.85188004061248723        8.3253886618735989E-003
   1.0065927147747991       0.85145718279422500        8.3774405841145205E-003
   1.0705561336645604       0.85104662785249729        8.4339255467889493E-003
   1.1347873026329980       0.85065588587918073        8.6009180211756506E-003
   1.2009377669274792       0.85028142242081872        8.7587630623690467E-003
   1.2672256781587505       0.84993785233787889        8.7952453075508131E-003
   1.3336237692450614       0.84962633663602649        8.8263672545571166E-003
   1.4001093337586243       0.84934600794987758        8.8527712318052388E-003
   1.4666635637611505       0.84909441374916172        8.8751088054418222E-003
   1.5332708876058261       0.84886794249043163        8.8940115679614681E-003
   1.5999183528370953       0.84866218705643182        8.9100727311284267E-003
   1.6665950656745954       0.84847222614617945        8.9238368052302185E-003
   1.7332916838506114       0.84829282395917227        8.9357949884729376E-003
   1.7999999523162842       0.84811856091693527        8.9468938624637680E-003
 -0.80000001192092896        1.0000000000000000        1.1027566737618363E-002
 -0.73500001281499860        1.0000000000000000        1.1005780426461709E-002
 -0.67000001370906825        1.0000000000000000        1.0983607897006325E-002
 -0.60500001460313801        1.0000000000000000        1.0960606556904107E-002
 -0.54000001549720766        1.0000000000000000        1.0936392741219906E-002
 -0.47500001639127731        1.0000000000000000        1.0910671199648175E-002
 -0.41000001728534702        1.0000000000000000        1.0883267090734391E-002
 -0.34500001817941672        1.0000000000000000        1.0854158382899945E-002
 -0.28000001907348637        1.0000000000000000        1.0823504570288524E-002
 -0.21500001996755602        1.0000000000000000        1.0791666199826641E-002
 -0.15000002086162567        1.0000000000000000        1.0759209711016033E-002
  -8.5000021755695432E-002   1.0000000000000000        1.0727012116265901E-002
  -2.0000022649765081E-002   1.0000000000000000        1.0695884951201468E-002
   4.4999976456165269E-002   1.0000000000000000        1.0666826813976122E-002
  0.10999997556209551        1.0000000000000000        1.0640871275731522E-002
  0.17499997466802586        1.0000000000000000        1.0619004352818314E-002
  0.23999997377395621        1.0000000000000000        1.0602083349564395E-002
  0.30499997287988645        1.0000000000000000        1.0590767651330740E-002
  0.36999997198581691        1.0000000000000000        1.0585469829186770E-002
  0.43499997109174715        1.0000000000000000        1.0586331206861036E-002
  0.49999997019767761        1.0000000000000000        1.0593221661293829E-002
  0.56499996930360785        1.0000000000000000        1.0605760253864545E-002
  0.62999996840953809        1.0000000000000000        1.0623351774506200E-002
  0.69499996751546855        1.0000000000000000        1.0645234119813426E-002
  0.75999996662139879        1.0000000000000000        1.0670531974259085E-002
  0.82499996572732903        1.0000000000000000        1.0698312915951006E-002
  0.88999996483325949        1.0000000000000000        1.0727642482356258E-002
  0.95499996393918973        1.0000000000000000        1.0757634893867543E-002
   1.0199999630451200        1.0000000000000000        1.0787496298053128E-002
   1.0849999621510504        1.0000000000000000        1.0816557917216651E-002
   1.1499999612569807        1.0000000000000000        1.0844297586425211E-002
   1.2149999603629111        1.0000000000000000        1.0870438795118467E-002
   1.2799999594688414        1.0000000000000000        1.0894618992432357E-002
   1.3449999585747716        1.0000000000000000        1.0916749001585234E-002
   1.4099999576807019        1.0000000000000000        1.0936864375496253E-002
   1.4749999567866325        1.0000000000000000        1.0955103687790419E-002
   1.5399999558925628        1.0000000000000000        1.0971686024441646E-002
   1.6049999549984930        1.0000000000000000        1.0986890076479679E-002
   1.6699999541044233        1.0000000000000000        1.1001036385769937E-002
   1.7349999532103535        1.0000000000000000        1.1014473346800070E-002
   1.7999999523162842        1.0000000000000000        1.1027566737618457E-002
