VARIABLES = "X" "Y" "Ja"
ZONE I=  41    J=   19
 -0.80000001192092896        0.0000000000000000        4.4422230528318720E-003
 -0.72000001072883602        0.0000000000000000        4.4422230528318660E-003
 -0.64000000953674319        0.0000000000000000        4.4422230528318660E-003
 -0.56000000834465025        0.0000000000000000        4.4422230528318677E-003
 -0.48000000715255736        0.0000000000000000        4.4422230528318660E-003
 -0.40000000596046448        0.0000000000000000        4.4422230528318677E-003
 -0.32000000476837154        0.0000000000000000        4.4422230528318660E-003
 -0.24000000357627871        0.0000000000000000        4.4422230528318660E-003
 -0.16000000238418577        0.0000000000000000        4.4422230528318686E-003
  -8.0000001192092829E-002   0.0000000000000000        4.4422230528318660E-003
   0.0000000000000000        0.0000000000000000        3.7951482767823591E-003
   5.0000000000000003E-002   4.4602089554664957E-002   2.8727646759276748E-003
  0.10000000000000001        5.8722143818967620E-002   2.6879594166339497E-003
  0.15000000000000002        6.6983760864784622E-002   2.6286961602384642E-003
  0.20000000000000001        7.1846641918802551E-002   2.5952912187601094E-003
  0.25000000000000000        7.4334200719891608E-002   2.5766184072170033E-003
  0.30000000000000004        7.5019308835821752E-002   2.5680087303384547E-003
  0.35000000000000003        7.4275505767019634E-002   2.5668586222368514E-003
  0.40000000000000002        7.2368894454773111E-002   2.5714848371105256E-003
  0.45000000000000001        6.9499149665645854E-002   2.5807041011730028E-003
  0.50000000000000000        6.5820350277604772E-002   2.5936464393673839E-003
  0.55000000000000004        6.1452585138372533E-002   2.6096611658137383E-003
  0.60000000000000009        5.6488883819410578E-002   2.6282650532535243E-003
  0.65000000000000002        5.0999586638980257E-002   2.6491117219660898E-003
  0.70000000000000007        4.5035223344168644E-002   2.6719725528439025E-003
  0.75000000000000000        3.8628479001300155E-002   2.6967242509118501E-003
  0.80000000000000004        3.1795577738765200E-002   2.7233404414008975E-003
  0.85000000000000009        2.4537282123169087E-002   2.7518858137717838E-003
  0.90000000000000002        1.6839631126404589E-002   2.7825119327230855E-003
  0.95000000000000007        8.6744956946254725E-003   2.8154541729002026E-003
   1.0000000000000000        4.1681862848033020E-009   3.6454497522049973E-003
   1.0799999952316284        0.0000000000000000        4.4422227374911550E-003
   1.1599999904632567        0.0000000000000000        4.4422227218604664E-003
   1.2399999856948853        0.0000000000000000        4.4422227218604664E-003
   1.3199999809265137        0.0000000000000000        4.4422227218604603E-003
   1.3999999761581421        0.0000000000000000        4.4422227218604603E-003
   1.4799999713897705        0.0000000000000000        4.4422227218604603E-003
   1.5599999666213988        0.0000000000000000        4.4422227218604664E-003
   1.6399999618530274        0.0000000000000000        4.4422227218604603E-003
   1.7199999570846556        0.0000000000000000        4.4422227218604603E-003
   1.7999999523162842        0.0000000000000000        4.4422227218604846E-003
 -0.80000001192092896        5.5529329171859869E-002   4.3961940144349645E-003
 -0.72083334418427614        5.5529329171859869E-002   4.3961940144349645E-003
 -0.64166667644762332        5.5529329171859869E-002   4.3961940144349645E-003
 -0.56250000871097050        5.5529329171859869E-002   4.3961940144349662E-003
 -0.48333334097431763        5.5529329171859869E-002   4.3961940144349645E-003
 -0.40416667323766486        5.5529329171859869E-002   4.3961940144349645E-003
 -0.32500000550101199        5.5529329171859869E-002   4.3961940144349645E-003
 -0.24583333776435923        5.5529329171859869E-002   4.3961940144349645E-003
 -0.16666667002770635        5.5529329171859869E-002   4.3961940144349679E-003
  -8.7500002291053480E-002   5.5529329171859869E-002   4.3961940144349645E-003
  -8.3333345544007176E-003   5.5529329171859869E-002   3.7850290259280593E-003
   4.2499998735470897E-002   9.7654694613891063E-002   2.9048957055978573E-003
   9.3333332025342511E-002  0.11099067173702674        2.7275200621319612E-003
  0.14416666531521413       0.11879352673041471        2.6698903664107397E-003
  0.19499999860508574       0.12338637526166049        2.6373648803821935E-003
  0.24583333189495735       0.12573580159124950        2.6192299508881849E-003
  0.29666666518482898       0.12638286611309185        2.6109609302546696E-003
  0.34749999847470059       0.12568036592973630        2.6100238944839335E-003
  0.39833333176457220       0.12387962746465030        2.6147756867826617E-003
  0.44916666505444380       0.12116923767855772        2.6240586848168246E-003
  0.49999999834431541       0.11769471955269240        2.6370203142920927E-003
  0.55083333163418702       0.11356949348162197        2.6530219315424536E-003
  0.60166666492405874       0.10888142316711144        2.6715884807747897E-003
  0.65249999821393023       0.10369694297673540        2.6923787061675676E-003
  0.70333333150380195        9.8063776774621941E-002   2.7151665473638419E-003
  0.75416666479367345        9.2012794647288551E-002   2.7398289992205276E-003
  0.80499999808354517        8.5559319808159728E-002   2.7663378969663083E-003
  0.85583333137341677        7.8704072479028706E-002   2.7947541849279818E-003
  0.90666666466328827        7.1433866878313629E-002   2.8252238121135452E-003
  0.95749999795315999        6.3722135939658614E-002   2.8579747256870435E-003
   1.0083333312430316        5.5529333108589568E-002   3.6436431591579245E-003
   1.0874999933503569        5.5529329171859869E-002   4.3961937165962290E-003
   1.1666666554576819        5.5529329171859869E-002   4.3961937018335024E-003
   1.2458333175650074        5.5529329171859869E-002   4.3961937018335085E-003
   1.3249999796723326        5.5529329171859869E-002   4.3961937018335024E-003
   1.4041666417796579        5.5529329171859869E-002   4.3961937018335024E-003
   1.4833333038869831        5.5529329171859869E-002   4.3961937018335024E-003
   1.5624999659943084        5.5529329171859869E-002   4.3961937018335024E-003
   1.6416666281016337        5.5529329171859869E-002   4.3961937018334963E-003
   1.7208332902089587        5.5529329171859869E-002   4.3961937018335024E-003
   1.7999999523162842        5.5529329171859869E-002   4.3961937018335267E-003
 -0.80000001192092896       0.11106174202149983        4.3501599958492582E-003
 -0.72166667763971615       0.11106174202149983        4.3501599958492522E-003
 -0.64333334335850345       0.11106174202149983        4.3501599958492522E-003
 -0.56500000907729064       0.11106174202149983        4.3501599958492522E-003
 -0.48666667479607795       0.11106174202149983        4.3501599958492504E-003
 -0.40833334051486520       0.11106174202149983        4.3501599958492539E-003
 -0.33000000623365239       0.11106174202149983        4.3501599958492504E-003
 -0.25166667195243975       0.11106174202149983        4.3501599958492513E-003
 -0.17333333767122691       0.11106174202149983        4.3501599958492548E-003
  -9.5000003390014132E-002  0.11106174202149983        4.3501599958492513E-003
  -1.6666669108801435E-002  0.11106174202149983        3.7749093396993133E-003
   3.4999997470941784E-002  0.15071024581242476        2.9370310733803362E-003
   8.6666664050685016E-002  0.16326210225269586        2.7670854163410470E-003
  0.13833333063042827       0.17060616971748990        2.7110893489002822E-003
  0.18999999721017147       0.17492897073040525        2.6794433536014442E-003
  0.24166666378991469       0.17714025691766444        2.6618463290435301E-003
  0.29333333036965797       0.17774927573276633        2.6539179815459955E-003
  0.34499999694940114       0.17708808072850629        2.6531940318258174E-003
  0.39666666352914437       0.17539322098995577        2.6580714135866434E-003
  0.44833333010888760       0.17284219505626613        2.6674181568202724E-003
  0.49999999668863082       0.16957196953680850        2.6803990885372812E-003
  0.55166666326837410       0.16568929600268018        2.6963876076246660E-003
  0.60333332984811738       0.16127687199907656        2.7149168299537858E-003
  0.65499999642786055       0.15639722572597853        2.7356506236947231E-003
  0.70666666300760372       0.15109527500873779        2.7583654872458730E-003
  0.75833332958734689       0.14540007485327466        2.7829387052241503E-003
  0.80999999616709017       0.13932604750801775        2.8093403227138526E-003
  0.86166666274683346       0.13287387084759675        2.8376275386998236E-003
  0.91333332932657663       0.12603113438000646        2.8679406862281965E-003
  0.96499999590631991       0.11877283311312221        2.9005002846488955E-003
   1.0166666624860630       0.11106174572676009        3.6418365878972676E-003
   1.0949999914690851       0.11106174202149983        4.3501597155144872E-003
   1.1733333204521073       0.11106174202149983        4.3501597016197642E-003
   1.2516666494351294       0.11106174202149983        4.3501597016197642E-003
   1.3299999784181515       0.11106174202149983        4.3501597016197642E-003
   1.4083333074011737       0.11106174202149983        4.3501597016197581E-003
   1.4866666363841956       0.11106174202149983        4.3501597016197581E-003
   1.5649999653672177       0.11106174202149983        4.3501597016197702E-003
   1.6433332943502401       0.11106174202149983        4.3501597016197581E-003
   1.7216666233332618       0.11106174202149983        4.3501597016197581E-003
   1.7999999523162842       0.11106174202149983        4.3501597016197945E-003
 -0.80000001192092896       0.16659724261551326        4.3041205692374591E-003
 -0.72250001115103557       0.16659724261551326        4.3041205692374530E-003
 -0.64500001038114230       0.16659724261551326        4.3041205692374495E-003
 -0.56750000961124902       0.16659724261551326        4.3041205692374513E-003
 -0.49000000884135569       0.16659724261551326        4.3041205692374530E-003
 -0.41250000807146237       0.16659724261551326        4.3041205692374530E-003
 -0.33500000730156904       0.16659724261551326        4.3041205692374513E-003
 -0.25750000653167576       0.16659724261551326        4.3041205692374521E-003
 -0.18000000576178241       0.16659724261551326        4.3041205692374547E-003
 -0.10250000499188905       0.16659724261551326        4.3041205692374521E-003
  -2.5000004221995775E-002  0.16659724261551326        3.7647888487588122E-003
   2.7499995703498405E-002  0.20376874703548087        2.9691704949118434E-003
   7.9999995628992598E-002  0.21553643919376927        2.8066552124070897E-003
  0.13249999555448680       0.22242169362020781        2.7522928465296319E-003
  0.18499999547998097       0.22647443209945917        2.7215263804435752E-003
  0.23749999540547514       0.22854757046344282        2.7044672854954505E-003
  0.28999999533096937       0.22911854145636548        2.6968796288410176E-003
  0.34249999525646357       0.22849865392787477        2.6963687789862780E-003
  0.39499999518195777       0.22690967880298807        2.7013717617822147E-003
  0.44749999510745192       0.22451802558273964        2.7107822605337674E-003
  0.49999999503294612       0.22145210402888182        2.7237825041826146E-003
  0.55249999495844038       0.21781199651823788        2.7397579345706763E-003
  0.60499999488393452       0.21367523415218195        2.7582498394795527E-003
  0.65749999480942867       0.20910043874590839        2.7789272111969927E-003
  0.70999999473492292       0.20412972192996962        2.8015691069036603E-003
  0.76249999466041707       0.19879032352876555        2.8260531009165236E-003
  0.81499999458591132       0.19309576477563298        2.8523474480361384E-003
  0.86749999451140547       0.18704668119568343        2.8805056016913341E-003
  0.91999999443689962       0.18063143762959644        2.9106622786807209E-003
  0.97249999436239387       0.17382659124633398        2.9430305701848474E-003
   1.0249999942878880       0.16659724608929122        3.6400296830793218E-003
   1.1024999900907275       0.16659724261551326        4.3041203064086613E-003
   1.1799999858935672       0.16659724261551326        4.3041202933820034E-003
   1.2574999816964070       0.16659724261551326        4.3041202933819973E-003
   1.3349999774992465       0.16659724261551326        4.3041202933819904E-003
   1.4124999733020860       0.16659724261551326        4.3041202933819973E-003
   1.4899999691049257       0.16659724261551326        4.3041202933819973E-003
   1.5674999649077652       0.16659724261551326        4.3041202933819973E-003
   1.6449999607106049       0.16659724261551326        4.3041202933819973E-003
   1.7224999565134445       0.16659724261551326        4.3041202933819973E-003
   1.7999999523162842       0.16659724261551326        4.3041202933820095E-003
 -0.80000001192092896       0.22213582012420582        4.2580764661944541E-003
 -0.72333334455059628       0.22213582012420582        4.2580764661944480E-003
 -0.64666667718026372       0.22213582012420582        4.2580764661944446E-003
 -0.57000000980993115       0.22213582012420582        4.2580764661944463E-003
 -0.49333334243959853       0.22213582012420582        4.2580764661944480E-003
 -0.41666667506926591       0.22213582012420582        4.2580764661944480E-003
 -0.34000000769893329       0.22213582012420582        4.2580764661944463E-003
 -0.26333334032860073       0.22213582012420582        4.2580764661944472E-003
 -0.18666667295826808       0.22213582012420582        4.2580764661944489E-003
 -0.11000000558793543       0.22213582012420582        4.2580764661944472E-003
  -3.3333338217602870E-002  0.22213582012420582        3.7546681866336036E-003
   1.9999994941883568E-002  0.25683018793639201        3.0013144612103140E-003
   7.3333328101370027E-002  0.26781367236649550        2.8462299123971093E-003
  0.12666666126085649       0.27424008833428781        2.7935013118739263E-003
  0.17999999442034292       0.27802274931720505        2.7636144081219535E-003
  0.23333332757982936       0.27995773220390696        2.7470932644730263E-003
  0.28666666073931585       0.28049065326663125        2.7398463150185275E-003
  0.33999999389880226       0.27991207550252839        2.7395485787102491E-003
  0.39333332705828877       0.27842899085778577        2.7446771749255407E-003
  0.44666666021777518       0.27619671918093847        2.7541514410783126E-003
  0.49999999337726164       0.27333511291203233        2.7671710085263911E-003
  0.55333332653674816       0.26993758486411340        2.7831333623626869E-003
  0.60666665969623457       0.26607649940849065        2.8015879624459727E-003
  0.65999999285572097       0.26180657175914068        2.8222089252509944E-003
  0.71333332601520749       0.25716710719634078        2.8447778667299896E-003
  0.76666665917469390       0.25218353026240148        2.8691726508194219E-003
  0.81999999233418042       0.24686846112564748        2.8953597418918007E-003
  0.87333332549366682       0.24122249295932571        2.9233888476157088E-003
  0.92666665865315323       0.23523476597975740        2.9533890682804406E-003
  0.97999999181263975       0.22888339960354179        2.9855660665793560E-003
   1.0333333249721262       0.22213582336648866        3.6382230554168542E-003
   1.1099999877065418       0.22213582012420582        4.2580762208735959E-003
   1.1866666504409578       0.22213582012420582        4.2580762087150439E-003
   1.2633333131753737       0.22213582012420582        4.2580762087150378E-003
   1.3399999759097894       0.22213582012420582        4.2580762087150378E-003
   1.4166666386442053       0.22213582012420582        4.2580762087150378E-003
   1.4933333013786210       0.22213582012420582        4.2580762087150309E-003
   1.5699999641130367       0.22213582012420582        4.2580762087150378E-003
   1.6466666268474526       0.22213582012420582        4.2580762087150378E-003
   1.7233332895818683       0.22213582012420582        4.2580762087150378E-003
   1.7999999523162842       0.22213582012420582        4.2580762087150500E-003
 -0.80000001192092896       0.27767749723584589        4.2120269471697131E-003
 -0.72416667817367442       0.27767749723584589        4.2120269471697001E-003
 -0.64833334442642010       0.27767749723584589        4.2120269471697001E-003
 -0.57250001067916556       0.27767749723584589        4.2120269471697036E-003
 -0.49666667693191113       0.27767749723584589        4.2120269471697001E-003
 -0.42083334318465671       0.27767749723584589        4.2120269471697018E-003
 -0.34500000943740222       0.27767749723584589        4.2120269471697001E-003
 -0.26916667569014785       0.27767749723584589        4.2120269471697001E-003
 -0.19333334194289337       0.27767749723584589        4.2120269471697044E-003
 -0.11750000819563886       0.27767749723584589        4.2120269471697018E-003
  -4.1666674448384455E-002  0.27767749723584589        3.7445467182555415E-003
   1.2499992168611640E-002  0.30989459019148247        3.0334624870112796E-003
   6.6666658785607763E-002  0.32009382312683921        2.8858090610704989E-003
  0.12083332540260390       0.32606137502825272        2.8347142994147000E-003
  0.17499999201959998       0.32957394344183533        2.8057069966034008E-003
  0.22916665863659610       0.33137076314081099        2.7897238290034388E-003
  0.28333332525359228       0.33186563214977371        2.7828176045051425E-003
  0.33749999187058832       0.33132836645555291        2.7827329955902331E-003
  0.39166665848758447       0.32995117820069253        2.7879872168183862E-003
  0.44583332510458057       0.32787829696231574        2.7975252607033139E-003
  0.49999999172157672       0.32522101738117870        2.8105641616475705E-003
  0.55416665833857282       0.32206608233432243        2.8265134483986265E-003
  0.60833332495556902       0.31848068917463612        2.8449307531392609E-003
  0.66249999157256512       0.31451564629685141        2.8654953166579330E-003
  0.71666665818956121       0.31020745247434844        2.8879913137057392E-003
  0.77083332480655720       0.30557971686603763        2.9122968977786882E-003
  0.82499999142355340       0.30064415852494303        2.9383767426815937E-003
  0.87916665804054961       0.29540132827008353        2.9662768101081801E-003
  0.93333332465754559       0.28984114173669562        2.9961205835519547E-003
  0.98749999127454180       0.28394328067620467        3.0281062968627965E-003
   1.0416666578915379       0.27767750024662069        3.6364160938737750E-003
   1.1174999873340126       0.27767749723584589        4.2120267193588024E-003
   1.1933333167764870       0.27767749723584589        4.2120267080683988E-003
   1.2691666462189617       0.27767749723584589        4.2120267080684049E-003
   1.3449999756614364       0.27767749723584589        4.2120267080684049E-003
   1.4208333051039110       0.27767749723584589        4.2120267080684049E-003
   1.4966666345463857       0.27767749723584589        4.2120267080683988E-003
   1.5724999639888602       0.27767749723584589        4.2120267080683988E-003
   1.6483332934313348       0.27767749723584589        4.2120267080683988E-003
   1.7241666228738093       0.27767749723584589        4.2120267080684049E-003
   1.7999999523162842       0.27767749723584589        4.2120267080684301E-003
 -0.80000001192092896       0.33322224449816257        4.1659717661295982E-003
 -0.72500001157323513       0.33322224449816257        4.1659717661295861E-003
 -0.65000001122554152       0.33322224449816257        4.1659717661295861E-003
 -0.57500001087784769       0.33322224449816257        4.1659717661295895E-003
 -0.50000001053015397       0.33322224449816257        4.1659717661295861E-003
 -0.42500001018246025       0.33322224449816257        4.1659717661295878E-003
 -0.35000000983476648       0.33322224449816257        4.1659717661295861E-003
 -0.27500000948707282       0.33322224449816257        4.1659717661295861E-003
 -0.20000000913937904       0.33322224449816257        4.1659717661295895E-003
 -0.12500000879168527       0.33322224449816257        4.1659717661295878E-003
  -5.0000008443991550E-002  0.33322224449816257        3.7344242007900205E-003
   4.9999914069968066E-003  0.36296192566211405        3.0656143439185372E-003
   5.9999991257985191E-002  0.37237686375202994        2.9253924339881512E-003
  0.11499999110897359       0.37788552622265548        2.8759315868284951E-003
  0.16999999095996193       0.38112798713712603        2.8478039248037035E-003
  0.22499999081095032       0.38278663601119495        2.8323587586428808E-003
  0.27999999066193870       0.38324345086301098        2.8257932770475998E-003
  0.33499999051292706       0.38274749952225973        2.8259218092089944E-003
  0.38999999036391547       0.38147621351086558        2.8313016665922350E-003
  0.44499999021490383       0.37956273152150821        2.8409034978518054E-003
  0.49999999006589224       0.37710978992260857        2.8539617411020668E-003
  0.55499998991688060       0.37419746128651221        2.8698979691784707E-003
  0.60999998976786896       0.37088777566207326        2.8882779868577451E-003
  0.66499998961885742       0.36722763440882328        2.9087861593861562E-003
  0.71999998946984578       0.36325072963811128        2.9312092203532939E-003
  0.77499998932083403       0.35897885502509941        2.9554256127626902E-003
  0.82999998917182249       0.35442282845770062        2.9813982197156078E-003
  0.88499998902281085       0.34958315839836462        3.0091692567162302E-003
  0.93999998887379921       0.34445053594410546        3.0388565901720097E-003
  0.99499998872478768       0.33900620526753533        3.0706510247256735E-003
   1.0499999885757760       0.33322224727741651        3.6346085562270728E-003
   1.1249999849498269       0.33322224449816257        4.1659715558306602E-003
   1.1999999813238775       0.33322224449816257        4.1659715454084615E-003
   1.2749999776979284       0.33322224449816257        4.1659715454084676E-003
   1.3499999740719792       0.33322224449816257        4.1659715454084676E-003
   1.4249999704460301       0.33322224449816257        4.1659715454084676E-003
   1.4999999668200810       0.33322224449816257        4.1659715454084615E-003
   1.5749999631941316       0.33322224449816257        4.1659715454084615E-003
   1.6499999595681825       0.33322224449816257        4.1659715454084615E-003
   1.7249999559422331       0.33322224449816257        4.1659715454084676E-003
   1.7999999523162842       0.33322224449816257        4.1659715454084928E-003
 -0.80000001192092896       0.38877007715095230        4.1199120333299125E-003
 -0.72583334497279584       0.38877007715095230        4.1199120333299004E-003
 -0.65166667802466294       0.38877007715095230        4.1199120333299004E-003
 -0.57750001107652982       0.38877007715095230        4.1199120333299030E-003
 -0.50333334412839681       0.38877007715095230        4.1199120333299004E-003
 -0.42916667718026380       0.38877007715095230        4.1199120333299012E-003
 -0.35500001023213074       0.38877007715095230        4.1199120333299004E-003
 -0.28083334328399778       0.38877007715095230        4.1199120333299004E-003
 -0.20666667633586472       0.38877007715095230        4.1199120333299030E-003
 -0.13250000938773165       0.38877007715095230        4.1199120333299012E-003
  -5.8333342439598646E-002  0.38877007715095230        3.7243016343691403E-003
  -2.5000093546180338E-003  0.41603220890835646        3.0977708591694644E-003
   5.3333323730362613E-002  0.42466280858695055        2.9649808218123871E-003
  0.10916665681534327       0.42971255613647363        2.9171539517363235E-003
  0.16499998990032388       0.43268489454794512        2.8899059629204460E-003
  0.22083332298530450       0.43420536492201728        2.8749988195204620E-003
  0.27666665607028518       0.43462412350286050        2.8687740970614636E-003
  0.33249998915526580       0.43416948881050171        2.8691157840468246E-003
  0.38833332224024647       0.43300411092521413        2.8746212901889293E-003
  0.44416665532522709       0.43125003703915943        2.8842869210513864E-003
  0.49999998841020776       0.42900144477302993        2.8973645189244788E-003
  0.55583332149518838       0.42633173602395430        2.9132877010115531E-003
  0.61166665458016900       0.42329777324971946        2.9316304448378564E-003
  0.66749998766514973       0.41994255055762947        2.9520822401675694E-003
  0.72333332075013035       0.41629695324109811        2.9744323794115768E-003
  0.77916665383511086       0.41238095939069308        2.9985595949963183E-003
  0.83499998692009159       0.40820448567915862        3.0244249791734341E-003
  0.89083332000507220       0.40376799821002224        3.0520670010536575E-003
  0.94666665309005282       0.39906296358515098        3.0815979096989656E-003
   1.0024999861750334       0.39407218848513265        3.1132010802314499E-003
   1.0583333192600142       0.38877007969867250        3.6328014170024085E-003
   1.1324999825656412       0.38877007715095230        4.1199118405449101E-003
   1.2066666458712680       0.38877007715095230        4.1199118309909622E-003
   1.2808333091768951       0.38877007715095230        4.1199118309909683E-003
   1.3549999724825221       0.38877007715095230        4.1199118309909683E-003
   1.4291666357881492       0.38877007715095230        4.1199118309909683E-003
   1.5033332990937762       0.38877007715095230        4.1199118309909622E-003
   1.5774999623994030       0.38877007715095230        4.1199118309909622E-003
   1.6516666257050301       0.38877007715095230        4.1199118309909622E-003
   1.7258332890106569       0.38877007715095230        4.1199118309909683E-003
   1.7999999523162842       0.38877007715095230        4.1199118309909934E-003
 -0.80000001192092896       0.44432099553711862        4.0738471830627527E-003
 -0.72666667837235654       0.44432099553711862        4.0738471830627405E-003
 -0.65333334482378436       0.44432099553711862        4.0738471830627405E-003
 -0.58000001127521195       0.44432099553711862        4.0738471830627440E-003
 -0.50666667772663965       0.44432099553711862        4.0738471830627405E-003
 -0.43333334417806735       0.44432099553711862        4.0738471830627423E-003
 -0.36000001062949499       0.44432099553711862        4.0738471830627405E-003
 -0.28666667708092275       0.44432099553711862        4.0738471830627405E-003
 -0.21333334353235039       0.44432099553711862        4.0738471830627440E-003
 -0.14000000998377804       0.44432099553711862        4.0738471830627423E-003
  -6.6666676435205741E-002  0.44432099553711862        3.7141785167684829E-003
  -1.0000010116232867E-002  0.46910544025781914        3.1299316267058611E-003
   4.6666656202740041E-002  0.47695165795436872        3.0045738383244415E-003
  0.10333332252171296       0.48154246508964188        2.9583810147769786E-003
  0.15999998884068581       0.48424466599256000        2.9320127354851809E-003
  0.21666665515965872       0.48562695019069202        2.9176436383130974E-003
  0.27333332147863165       0.48600765038650151        2.9117596921515456E-003
  0.32999998779760453       0.48559433463771312        2.9123145477216376E-003
  0.38666665411657747       0.48453487076182628        2.9179457145236359E-003
  0.44333332043555035       0.48294021383434149        2.9276751559401560E-003
  0.49999998675452328       0.48089598225277619        2.9407721190065250E-003
  0.55666665307349616       0.47846890686847998        2.9566822656531223E-003
  0.61333331939246905       0.47571068226110808        2.9749877463675837E-003
  0.66999998571144204       0.47266039506868562        2.9953831755351250E-003
  0.72666665203041492       0.46934612361076977        3.0176604043996502E-003
  0.78333331834938769       0.46578603029247645        3.0416984547422198E-003
  0.83999998466836068       0.46198913052131785        3.0674566278234951E-003
  0.89666665098733356       0.45795584803954609        3.0949696461506780E-003
  0.95333331730630644       0.45367842499696126        3.1243441411642476E-003
   1.0099999836252793       0.44914123066892570        3.1557560581255552E-003
   1.0666666499442523       0.44432099785329232        3.6309941885281261E-003
   1.1399999801814555       0.44432099553711862        4.0738470077936809E-003
   1.2133333104186586       0.44432099553711862        4.0738469991080323E-003
   1.2866666406558618       0.44432099553711862        4.0738469991080384E-003
   1.3599999708930650       0.44432099553711862        4.0738469991080384E-003
   1.4333333011302682       0.44432099553711862        4.0738469991080384E-003
   1.5066666313674715       0.44432099553711862        4.0738469991080323E-003
   1.5799999616046745       0.44432099553711862        4.0738469991080323E-003
   1.6533332918418777       0.44432099553711862        4.0738469991080323E-003
   1.7266666220790807       0.44432099553711862        4.0738469991080384E-003
   1.7999999523162842       0.44432099553711862        4.0738469991080627E-003
 -0.80000001192092896       0.49987499999928919        4.0277782948723055E-003
 -0.72750001177191725       0.49987499999928919        4.0277782948722933E-003
 -0.65500001162290578       0.49987499999928919        4.0277782948722933E-003
 -0.58250001147389407       0.49987499999928919        4.0277782948722959E-003
 -0.51000001132488249       0.49987499999928919        4.0277782948722933E-003
 -0.43750001117587090       0.49987499999928919        4.0277782948722933E-003
 -0.36500001102685931       0.49987499999928919        4.0277782948722933E-003
 -0.29250001087784772       0.49987499999928919        4.0277782948722942E-003
 -0.22000001072883607       0.49987499999928919        4.0277782948722959E-003
 -0.14750001057982443       0.49987499999928919        4.0277782948722942E-003
  -7.5000010430812836E-002  0.49987499999928919        3.7040558414894302E-003
  -1.7500010877847708E-002  0.52218162003784774        3.1620974954621990E-003
   3.9999988675117462E-002  0.52924341217679216        3.0441723008658226E-003
   9.7499988228082646E-002  0.53337525340183711        2.9996135813453381E-003
  0.15499998778104776       0.53580730178898139        2.9741250410586068E-003
  0.21249998733401293       0.53705139213437780        2.9602940098734892E-003
  0.26999998688697813       0.53739403183085788        2.9547508556854317E-003
  0.32749998643994327       0.53702203732107268        2.9555188938088020E-003
  0.38499998599290847       0.53606849333853401        2.9612757347177859E-003
  0.44249998554587355       0.53463326222586971        2.9710690002684881E-003
  0.49999998509883881       0.53279340268192299        2.9841853426190862E-003
  0.55749998465180395       0.53060897414166142        3.0000824686406313E-003
  0.61499998420476909       0.52812650301951203        3.0183507018871651E-003
  0.67249998375773434       0.52538116826714543        3.0386897813874979E-003
  0.72999998331069937       0.52239824107432353        3.0608941171751270E-003
  0.78749998286366452       0.51919406805984181        3.0848430202850574E-003
  0.84499998241662977       0.51577676331591171        3.1104940008341696E-003
  0.90249998196959491       0.51214670822115660        3.1378780345243588E-003
  0.95999998152255994       0.50829692051639419        3.1670961349256747E-003
   1.0174999810755252       0.50421333215857000        3.1983168171437460E-003
   1.0749999806284904       0.49987500208390340        3.6291878442757399E-003
   1.1474999777972696       0.49987499999928919        4.0277781371211149E-003
   1.2199999749660491       0.49987499999928919        4.0277781293038177E-003
   1.2924999721348285       0.49987499999928919        4.0277781293038117E-003
   1.3649999693036077       0.49987499999928919        4.0277781293038177E-003
   1.4374999664723873       0.49987499999928919        4.0277781293038177E-003
   1.5099999636411665       0.49987499999928919        4.0277781293038117E-003
   1.5824999608099459       0.49987499999928919        4.0277781293038177E-003
   1.6549999579787253       0.49987499999928919        4.0277781293038117E-003
   1.7274999551475045       0.49987499999928919        4.0277781293038177E-003
   1.7999999523162842       0.49987499999928919        4.0277781293038429E-003
 -0.80000001192092896       0.55543212068453574        3.9817021018900235E-003
 -0.72833334561851293       0.55543212068453574        3.9817021018900235E-003
 -0.65666667931609690       0.55543212068453574        3.9817021018900209E-003
 -0.58500001301368099       0.55543212068453574        3.9817021018900209E-003
 -0.51333334671126496       0.55543212068453574        3.9817021018900235E-003
 -0.44166668040884893       0.55543212068453574        3.9817021018900235E-003
 -0.37000001410643291       0.55543212068453574        3.9817021018900209E-003
 -0.29833334780401699       0.55543212068453574        3.9817021018900218E-003
 -0.22666668150160094       0.55543212068453574        3.9817021018900252E-003
 -0.15500001519918488       0.55543212068453574        3.9817021018900226E-003
  -8.3333348896768911E-002  0.55543212068453574        3.6939306222599014E-003
  -2.5000015662776723E-002  0.57526077705089163        3.1942659387957503E-003
   3.3333317571215521E-002  0.58153809963099179        3.0837737817124254E-003
   9.1666650805207778E-002  0.58521094920076722        3.0408492604559827E-003
  0.14999998403919995       0.58737282991831530        3.0162405096407431E-003
  0.20833331727319221       0.58847871865918799        3.0029475756221126E-003
  0.26666665050718447       0.58878329572138888        2.9977452337286701E-003
  0.32499998374117667       0.58845262476846316        2.9987264678717953E-003
  0.38333331697516898       0.58760500662069881        3.0046089917713918E-003
  0.44166665020916113       0.58632921026561990        3.0144660871917208E-003
  0.49999998344315344       0.58469373422325155        3.0276018123750201E-003
  0.55833331667714570       0.58275196613795499        3.0434859197895417E-003
  0.61666664991113784       0.58054526396902872        3.0617169064937619E-003
  0.67499998314513010       0.57810489876259252        3.0819996364270397E-003
  0.73333331637912236       0.57545333442115110        3.1041310785358198E-003
  0.79166664961311450       0.57260510167532574        3.1279908331056350E-003
  0.84999998284710687       0.56956741325146854        3.1535346189900419E-003
  0.90833331608109902       0.56634060816219822        3.1807896648568469E-003
  0.96666664931509116       0.56291847978285614        3.2098513660723982E-003
   1.0249999825490834       0.55928852283962649        3.2408808071520568E-003
   1.0833333157830756       0.55543212253757746        3.6273794627296363E-003
   1.1549999794363965       0.55543212068453574        3.9817019616588184E-003
   1.2266666430897173       0.55543212068453574        3.9817019547099142E-003
   1.2983333067430383       0.55543212068453574        3.9817019547099142E-003
   1.3699999703963590       0.55543212068453574        3.9817019547099142E-003
   1.4416666340496800       0.55543212068453574        3.9817019547099142E-003
   1.5133332977030007       0.55543212068453574        3.9817019547099082E-003
   1.5849999613563215       0.55543212068453574        3.9817019547099142E-003
   1.6566666250096425       0.55543212068453574        3.9817019547099082E-003
   1.7283332886629630       0.55543212068453574        3.9817019547099142E-003
   1.7999999523162842       0.55543212068453574        3.9817019547099515E-003
 -0.80000001192092896       0.61099226852377175        3.9356219190647326E-003
 -0.72916667857103878       0.61099226852377175        3.9356219190647386E-003
 -0.65833334522114850       0.61099226852377175        3.9356219190647360E-003
 -0.58750001187125844       0.61099226852377175        3.9356219190647360E-003
 -0.51666667852136816       0.61099226852377175        3.9356219190647386E-003
 -0.44583334517147799       0.61099226852377175        3.9356219190647360E-003
 -0.37500001182158782       0.61099226852377175        3.9356219190647360E-003
 -0.30416667847169765       0.61099226852377175        3.9356219190647378E-003
 -0.23333334512180742       0.61099226852377175        3.9356219190647386E-003
 -0.16250001177191720       0.61099226852377175        3.9356219190647378E-003
  -9.1666678422027026E-002  0.61099226852377175        3.6838058564136319E-003
  -3.2500012401077388E-002  0.62834282620053150        3.2264394506015476E-003
   2.6666653619872305E-002  0.63383563647820917        3.1233806679372145E-003
   8.5833319640822012E-002  0.63704946938352769        3.0820904006981678E-003
  0.14499998566177164       0.63894116771078990        3.0583614678953829E-003
  0.20416665168272136       0.63990884731691533        3.0456066502280478E-003
  0.26333331770367108       0.64017535967090933        3.0407451359428339E-003
  0.32249998372462069       0.63988601452644955        3.0419395798492116E-003
  0.38166664974557046       0.63914432798506560        3.0479478000559595E-003
  0.44083331576652007       0.63802797507473141        3.0578687388624539E-003
  0.49999998178746985       0.63659689367023342        3.0710238609541040E-003
  0.55916664780841951       0.63489779926179979        3.0868949645971007E-003
  0.61833331382936918       0.63296688107198484        3.1050887204495383E-003
  0.67749997985031885       0.63083150202842675        3.1253151173783536E-003
  0.73666664587126851       0.62851131859341203        3.1473736831967207E-003
  0.79583331189221818       0.62601904551044463        3.1711443073396705E-003
  0.85499997791316795       0.62336099409090484        3.1965809172465397E-003
  0.91416664393411762       0.62053746097909790        3.2237069943532220E-003
  0.97333330995506717       0.61754301522715083        3.2526123155793766E-003
   1.0324999759760169       0.61436671441563839        3.2834505345631032E-003
   1.0916666419969665       0.61099227014522839        3.6255719676465538E-003
   1.1624999730288983       0.61099226852377175        3.9356217963554393E-003
   1.2333333040608301       0.61099226852377175        3.9356217902749785E-003
   1.3041666350927619       0.61099226852377175        3.9356217902749725E-003
   1.3749999661246934       0.61099226852377175        3.9356217902749785E-003
   1.4458332971566255       0.61099226852377175        3.9356217902749785E-003
   1.5166666281885570       0.61099226852377175        3.9356217902749725E-003
   1.5874999592204888       0.61099226852377175        3.9356217902749785E-003
   1.6583332902524206       0.61099226852377175        3.9356217902749725E-003
   1.7291666212843522       0.61099226852377175        3.9356217902749785E-003
   1.7999999523162842       0.61099226852377175        3.9356217902750037E-003
 -0.80000001192092896       0.66655556307921271        3.8895365654566783E-003
 -0.73000001241763435       0.66655556307921271        3.8895365654566783E-003
 -0.66000001291433974       0.66655556307921271        3.8895365654566753E-003
 -0.59000001341104524       0.66655556307921271        3.8895365654566753E-003
 -0.52000001390775064       0.66655556307921271        3.8895365654566783E-003
 -0.45000001440445603       0.66655556307921271        3.8895365654566783E-003
 -0.38000001490116142       0.66655556307921271        3.8895365654566753E-003
 -0.31000001539786692       0.66655556307921271        3.8895365654566761E-003
 -0.24000001589457229       0.66655556307921271        3.8895365654566792E-003
 -0.17000001639127768       0.66655556307921271        3.8895365654566774E-003
 -0.10000001688798310       0.66655556307921271        3.6736805278611965E-003
  -4.0000017186006390E-002  0.68142788171625845        3.2586172518320410E-003
   1.9999982515970377E-002  0.68613613525970973        3.1629922281209396E-003
   7.9999982217947158E-002  0.68889092550360742        3.1233362861222760E-003
  0.13999998191992385       0.69051242613847719        3.1004872086034968E-003
  0.19999998162190061       0.69134188878221370        3.0882705313404046E-003
  0.25999998132387742       0.69157033427215997        3.0837498621973641E-003
  0.31999998102585409       0.69132231727670312        3.0851575298632061E-003
  0.37999998072783092       0.69068656834126441        3.0912914584197305E-003
  0.43999998042980765       0.68972966790594747        3.1012762516391271E-003
  0.49999998013178448       0.68850299271545756        3.1144507812379085E-003
  0.55999997983376115       0.68704658572800403        3.1303088916522950E-003
  0.61999997953573793       0.68539146713665977        3.1484654273627060E-003
  0.67999997923771471       0.68356109152924038        3.1686355022722454E-003
  0.73999997893969149       0.68157230776881084        3.1906212030752509E-003
  0.79999997864166816       0.67943601450890767        3.2143027082882319E-003
  0.85999997834364494       0.67715762159488635        3.2396321537929420E-003
  0.91999997804562172       0.67473738330033928        3.2666292735791698E-003
  0.97999997774759839       0.67217064439811047        3.2953782258377268E-003
   1.0399999774495752       0.66944802541167903        3.3260252329812274E-003
   1.0999999771515518       0.66655556446907127        3.6237643809165108E-003
   1.1699999746680252       0.66655556307921271        3.8895364602712971E-003
   1.2399999721844983       0.66655556307921271        3.8895364550593291E-003
   1.3099999697009717       0.66655556307921271        3.8895364550593291E-003
   1.3799999672174448       0.66655556307921271        3.8895364550593291E-003
   1.4499999647339181       0.66655556307921271        3.8895364550593291E-003
   1.5199999622503912       0.66655556307921271        3.8895364550593230E-003
   1.5899999597668644       0.66655556307921271        3.8895364550593291E-003
   1.6599999572833377       0.66655556307921271        3.8895364550593230E-003
   1.7299999547998106       0.66655556307921271        3.8895364550593291E-003
   1.7999999523162842       0.66655556307921271        3.8895364550593664E-003
 -0.80000001192092896       0.72212188546822942        3.8434461400333919E-003
 -0.73083334537016020       0.72212188546822942        3.8434461400333980E-003
 -0.66166667881939134       0.72212188546822942        3.8434461400333950E-003
 -0.59250001226862270       0.72212188546822942        3.8434461400333950E-003
 -0.52333334571785384       0.72212188546822942        3.8434461400333980E-003
 -0.45416667916708509       0.72212188546822942        3.8434461400333950E-003
 -0.38500001261631633       0.72212188546822942        3.8434461400333950E-003
 -0.31583334606554758       0.72212188546822942        3.8434461400333967E-003
 -0.24666667951477877       0.72212188546822942        3.8434461400333980E-003
 -0.17750001296400997       0.72212188546822942        3.8434461400333967E-003
 -0.10833334641324122       0.72212188546822942        3.6635546591303183E-003
  -4.7500013924307055E-002  0.73451583001785692        3.2907992749426577E-003
   1.3333318564627161E-002  0.73843948407390769        3.2026083787945890E-003
   7.4166651053561392E-002  0.74073520664158266        3.1645868297512452E-003
  0.13499998354249554       0.74208649486006550        3.1426176428988660E-003
  0.19583331603142975       0.74277773300949901        3.1309391289381775E-003
  0.25666664852036403       0.74296810956100412        3.1267593217410546E-003
  0.31749998100929816       0.74276142296666237        3.1283802267073777E-003
  0.37833331349823246       0.74223161741007038        3.1346398753899418E-003
  0.43916664598716659       0.74143417813888035        3.1446885339162602E-003
  0.49999997847610089       0.74041192030119085        3.1578824815844432E-003
  0.56083331096503508       0.73919821395958341        3.1737276093468953E-003
  0.62166664345396916       0.73781890999597144        3.1918469357114249E-003
  0.68249997594290346       0.73629355444536893        3.2119606997148618E-003
  0.74333330843183765       0.73463618841862410        3.2338735469416039E-003
  0.80416664092077184       0.73285589438034082        3.2574659449209273E-003
  0.86499997340970614       0.73095718066072579        3.2826882378374652E-003
  0.92583330589864032       0.72894025916034977        3.3095564120287067E-003
  0.98666663838757440       0.72680125041504517        3.3381490066865371E-003
   1.0474999708765087       0.72453233797636596        3.3686048126657818E-003
   1.1083333033654428       0.72212188662647714        3.6219567072706678E-003
   1.1774999682605269       0.72212188546822942        3.8434460523739133E-003
   1.2466666331556111       0.72212188546822942        3.8434460480304858E-003
   1.3158332980506953       0.72212188546822942        3.8434460480304797E-003
   1.3849999629457792       0.72212188546822942        3.8434460480304858E-003
   1.4541666278408636       0.72212188546822942        3.8434460480304858E-003
   1.5233332927359475       0.72212188546822942        3.8434460480304797E-003
   1.5924999576310317       0.72212188546822942        3.8434460480304858E-003
   1.6616666225261159       0.72212188546822942        3.8434460480304797E-003
   1.7308332874211998       0.72212188546822942        3.8434460480304858E-003
   1.7999999523162842       0.72212188546822942        3.8434460480305105E-003
 -0.80000001192092896       0.77769135526640110        3.7973505421118933E-003
 -0.73166667921675577       0.77769135526640110        3.7973505421118933E-003
 -0.66333334651258258       0.77769135526640110        3.7973505421118902E-003
 -0.59500001380840950       0.77769135526640110        3.7973505421118902E-003
 -0.52666668110423631       0.77769135526640110        3.7973505421118933E-003
 -0.45833334840006312       0.77769135526640110        3.7973505421118920E-003
 -0.39000001569588999       0.77769135526640110        3.7973505421118902E-003
 -0.32166668299171686       0.77769135526640110        3.7973505421118920E-003
 -0.25333335028754367       0.77769135526640110        3.7973505421118933E-003
 -0.18500001758337048       0.77769135526640110        3.7973505421118933E-003
 -0.11666668487919729       0.77769135526640110        3.6534282275646601E-003
  -5.5000018709236070E-002  0.78760678534758521        3.3229855889646267E-003
   6.6666474607252196E-003  0.79074579547464730        3.2422292049904921E-003
   6.8333313630686524E-002  0.79258242436341075        3.2058421201364620E-003
  0.12999997980064773       0.79366348486003024        3.1847528612274846E-003
  0.19166664597060903       0.79421649068579547        3.1736125346260319E-003
  0.25333331214057031       0.79436879614254385        3.1697736069122525E-003
  0.31499997831053156       0.79420344229036988        3.1716077631787506E-003
  0.37666664448049292       0.79377958611351052        3.1779931440337372E-003
  0.43833331065045417       0.79314161703870834        3.1881056788977684E-003
  0.49999997682041553       0.79232378813250615        3.2013190552385388E-003
  0.56166664299037672       0.79135279618388876        3.2171512108967858E-003
  0.62333330916033802       0.79024932247080792        3.2352333386303578E-003
  0.68499997533029933       0.78902900425408651        3.2552908027184040E-003
  0.74666664150026052       0.78770307473331813        3.2771308076497991E-003
  0.80833330767022171       0.78627880008130036        3.3006341098985345E-003
  0.86999997384018313       0.78475978706202776        3.3257492618087082E-003
  0.93166664001014432       0.78314620520064870        3.3524885018512791E-003
  0.99333330618010562       0.78143495083992576        3.3809247499369732E-003
   1.0549999723500669       0.77961977064802079        3.4111893650145657E-003
   1.1166666385200281       0.77769135619302487        3.6201489419530018E-003
   1.1849999698996538       0.77769135526640110        3.7973504719803187E-003
   1.2533333012792793       0.77769135526640110        3.7973504685054746E-003
   1.3216666326589048       0.77769135526640110        3.7973504685054746E-003
   1.3899999640385303       0.77769135526640110        3.7973504685054871E-003
   1.4583332954181563       0.77769135526640110        3.7973504685054871E-003
   1.5266666267977818       0.77769135526640110        3.7973504685054746E-003
   1.5949999581774073       0.77769135526640110        3.7973504685054746E-003
   1.6633332895570327       0.77769135526640110        3.7973504685054746E-003
   1.7316666209366582       0.77769135526640110        3.7973504685054871E-003
   1.7999999523162842       0.77769135526640110        3.7973504685055118E-003
 -0.80000001192092896       0.83326385357773991        3.7512498706597187E-003
 -0.73250001216928162       0.83326385357773991        3.7512498706597248E-003
 -0.66500001241763418       0.83326385357773991        3.7512498706597217E-003
 -0.59750001266598696       0.83326385357773991        3.7512498706597217E-003
 -0.53000001291433951       0.83326385357773991        3.7512498706597248E-003
 -0.46250001316269218       0.83326385357773991        3.7512498706597217E-003
 -0.39500001341104485       0.83326385357773991        3.7512498706597217E-003
 -0.32750001365939752       0.83326385357773991        3.7512498706597217E-003
 -0.26000001390775018       0.83326385357773991        3.7512498706597243E-003
 -0.19250001415610277       0.83326385357773991        3.7512498706597248E-003
 -0.12500001440445541       0.83326385357773991        3.6433012556945287E-003
  -6.2500015447536736E-002  0.84070063411246532        3.3551761263565191E-003
  -1.6490617996134382E-008  0.84305495754776838        3.2818546232408377E-003
   6.2499982466300757E-002  0.84443246773720426        3.2471020703015584E-003
  0.12499998142321943       0.84524328578466112        3.2268927747235603E-003
  0.18749998038013815       0.84565805175315345        3.2162906583832287E-003
  0.24999997933705692       0.84577228404028626        3.2127926269599188E-003
  0.31249997829397558       0.84564826518289715        3.2148400480710589E-003
  0.37499997725089446       0.84533036415996810        3.2213511728784584E-003
  0.43749997620781311       0.84485187397261363        3.2315275949783063E-003
  0.49999997516473194       0.84423848513919109        3.2447604105583921E-003
  0.56249997412165065       0.84351022081139804        3.2605796046939551E-003
  0.62499997307856925       0.84268259238148324        3.2786245445979643E-003
  0.68749997203548807       0.84176732812305166        3.2986257198894193E-003
  0.74999997099240678       0.84077285317141237        3.3203928939705045E-003
  0.81249996994932538       0.83970461730856993        3.3438071121912232E-003
  0.87499996890624432       0.83856532568317110        3.3688151349155430E-003
  0.93749996786316292       0.83735510544263303        3.3954254525416713E-003
  0.99999996682008163       0.83607162877892893        3.4237053654290117E-003
   1.0624999657770005       0.83471020556201836        3.4537788002879460E-003
   1.1249999647339191       0.83326385427272731        3.6183410896952367E-003
   1.1924999634921556       0.83326385357773991        3.7512498180580400E-003
   1.2599999622503921       0.83326385357773991        3.7512498154518323E-003
   1.3274999610086284       0.83326385357773991        3.7512498154518323E-003
   1.3949999597668650       0.83326385357773991        3.7512498154518444E-003
   1.4624999585251017       0.83326385357773991        3.7512498154518383E-003
   1.5299999572833380       0.83326385357773991        3.7512498154518323E-003
   1.5974999560415746       0.83326385357773991        3.7512498154518323E-003
   1.6649999547998109       0.83326385357773991        3.7512498154518323E-003
   1.7324999535580474       0.83326385357773991        3.7512498154518444E-003
   1.7999999523162842       0.83326385357773991        3.7512498154518570E-003
 -0.80000001192092896       0.88883949999119194        3.7051440250086801E-003
 -0.73333334601587719       0.88883949999119194        3.7051440250086801E-003
 -0.66666668011082542       0.88883949999119194        3.7051440250086770E-003
 -0.60000001420577376       0.88883949999119194        3.7051440250086770E-003
 -0.53333334830072199       0.88883949999119194        3.7051440250086801E-003
 -0.46666668239567022       0.88883949999119194        3.7051440250086788E-003
 -0.40000001649061850       0.88883949999119194        3.7051440250086770E-003
 -0.33333335058556679       0.88883949999119194        3.7051440250086788E-003
 -0.26666668468051502       0.88883949999119194        3.7051440250086801E-003
 -0.20000001877546325       0.88883949999119194        3.7051440250086801E-003
 -0.13333335287041148       0.88883949999119194        3.6331737208754491E-003
  -7.0000020232465737E-002  0.89379749056752622        3.3873709561598802E-003
  -6.6666875945199239E-003  0.89536708285969757        3.3214847185900403E-003
   5.6666645043425903E-002  0.89628544834139179        3.2883667688103726E-003
  0.11999997768137162       0.89682600863083983        3.2690374738457415E-003
  0.18333331031931743       0.89710252691097014        3.2589735918272175E-003
  0.24666664295726326       0.89717868387169708        3.2558164742352534E-003
  0.30999997559520898       0.89709600235066089        3.2580771741942687E-003
  0.37333330823315491       0.89688406248386909        3.2647140550042053E-003
  0.43666664087110063       0.89656506021821214        3.2749543753747578E-003
  0.49999997350904657       0.89615612303880532        3.2882066408018266E-003
  0.56333330614699229       0.89567060008200727        3.3040128839672894E-003
  0.62666663878493800       0.89511883256149705        3.3220206467619068E-003
  0.68999997142288394       0.89450863954222348        3.3419655442530885E-003
  0.75333330406082966       0.89384563793613803        3.3636598987707442E-003
  0.81666663669877537       0.89313346103155622        3.3869850444727587E-003
  0.87999996933672131       0.89237391231070207        3.4118859495995578E-003
  0.94333330197466703       0.89156707654086065        3.4383673562622874E-003
   1.0066666346126127       0.89071140180716690        3.4664909449867746E-003
   1.0699999672505587       0.88980376126993077        3.4963732098966696E-003
   1.1333332998885044       0.88883950045452964        3.6165331457552003E-003
   1.1999999651312825       0.88883949999119194        3.7051439899388988E-003
   1.2666666303740604       0.88883949999119194        3.7051439882013768E-003
   1.3333332956168382       0.88883949999119194        3.7051439882013768E-003
   1.3999999608596161       0.88883949999119194        3.7051439882013894E-003
   1.4666666261023944       0.88883949999119194        3.7051439882013894E-003
   1.5333332913451723       0.88883949999119194        3.7051439882013768E-003
   1.5999999565879501       0.88883949999119194        3.7051439882013768E-003
   1.6666666218307280       0.88883949999119194        3.7051439882013768E-003
   1.7333332870735059       0.88883949999119194        3.7051439882013894E-003
   1.7999999523162842       0.88883949999119194        3.7051439882014141E-003
 -0.80000001192092896       0.94441817559785213        3.6590331041245574E-003
 -0.73416667896840304       0.94441817559785213        3.6590331041245635E-003
 -0.66833334601587702       0.94441817559785213        3.6590331041245604E-003
 -0.60250001306335121       0.94441817559785213        3.6590331041245604E-003
 -0.53666668011082519       0.94441817559785213        3.6590331041245635E-003
 -0.47083334715829928       0.94441817559785213        3.6590331041245604E-003
 -0.40500001420577336       0.94441817559785213        3.6590331041245604E-003
 -0.33916668125324745       0.94441817559785213        3.6590331041245604E-003
 -0.27333334830072153       0.94441817559785213        3.6590331041245626E-003
 -0.20750001534819554       0.94441817559785213        3.6590331041245635E-003
 -0.14166668239566960       0.94441817559785213        3.6230456456390432E-003
  -7.7500016970766403E-002  0.94689724110744844        3.4195700108357375E-003
  -1.3333351545863140E-002  0.94768205948411577        3.3611194075708452E-003
   5.0833313879040137E-002  0.94814125523203396        3.3296361286866624E-003
  0.11499997930394330       0.94841154303286701        3.3111868697280975E-003
  0.17916664472884658       0.94854980608933914        3.3016612449369652E-003
  0.24333331015374987       0.94858788564833529        3.2988450579868513E-003
  0.30749997557865305       0.94854654371677527        3.3013190503416849E-003
  0.37166664100355640       0.94844057078161481        3.3080816989379093E-003
  0.43583330642845958       0.94828106513066668        3.3183859284813678E-003
  0.49999997185336298       0.94807659074906980        3.3316576543266532E-003
  0.56416663727826610       0.94783382239407121        3.3474509571084555E-003
  0.62833330270316934       0.94755793081897599        3.3654215536003738E-003
  0.69249996812807268       0.94725282566700209        3.3853101844157499E-003
  0.75666663355297592       0.94692131547367919        3.4069317308210484E-003
  0.82083329897787904       0.94656521693462448        3.4301678157132747E-003
  0.88499996440278239       0.94618543181649306        3.4549616150696882E-003
  0.94916662982768563       0.94578200250412814        3.4813141225081006E-003
   1.0133332952525889       0.94535415301811687        3.5092813984505295E-003
   1.0774999606774922       0.94490031989432799        3.5389725041015123E-003
   1.1416666261023953       0.94441817582952758        3.6147251148640246E-003
   1.2074999587237842       0.94441817559785213        3.6590330865886654E-003
   1.2733332913451731       0.94441817559785213        3.6590330857198764E-003
   1.3391666239665618       0.94441817559785213        3.6590330857198764E-003
   1.4049999565879507       0.94441817559785213        3.6590330857198890E-003
   1.4708332892093399       0.94441817559785213        3.6590330857198829E-003
   1.5366666218307286       0.94441817559785213        3.6590330857198764E-003
   1.6024999544521175       0.94441817559785213        3.6590330857198764E-003
   1.6683332870735061       0.94441817559785213        3.6590330857198764E-003
   1.7341666196948951       0.94441817559785213        3.6590330857198890E-003
   1.7999999523162842       0.94441817559785213        3.6590330857199011E-003
 -0.80000001192092896        1.0000000000000000        3.6129208722975314E-003
 -0.73500001281499860        1.0000000000000000        3.6129208722975314E-003
 -0.67000001370906825        1.0000000000000000        3.6129208722975284E-003
 -0.60500001460313801        1.0000000000000000        3.6129208722975284E-003
 -0.54000001549720766        1.0000000000000000        3.6129208722975314E-003
 -0.47500001639127731        1.0000000000000000        3.6129208722975301E-003
 -0.41000001728534702        1.0000000000000000        3.6129208722975284E-003
 -0.34500001817941672        1.0000000000000000        3.6129208722975301E-003
 -0.28000001907348637        1.0000000000000000        3.6129208722975314E-003
 -0.21500001996755602        1.0000000000000000        3.6129208722975314E-003
 -0.15000002086162567        1.0000000000000000        3.6129208722975284E-003
  -8.5000021755695432E-002   1.0000000000000000        3.4517770519973921E-003
  -2.0000022649765081E-002   1.0000000000000000        3.4007624132279136E-003
   4.4999976456165269E-002   1.0000000000000000        3.3709138445641718E-003
  0.10999997556209551        1.0000000000000000        3.3533446401046003E-003
  0.17499997466802586        1.0000000000000000        3.3443572869910811E-003
  0.23999997377395621        1.0000000000000000        3.3418820455792509E-003
  0.30499997287988645        1.0000000000000000        3.3445693472114171E-003
  0.36999997198581691        1.0000000000000000        3.3514577830167937E-003
  0.43499997109174715        1.0000000000000000        3.3618259438635868E-003
  0.49999997019767761        1.0000000000000000        3.3751171549576391E-003
  0.56499996930360785        1.0000000000000000        3.3908975447944556E-003
  0.62999996840953809        1.0000000000000000        3.4088310048935849E-003
  0.69499996751546855        1.0000000000000000        3.4286634012510087E-003
  0.75999996662139879        1.0000000000000000        3.4502121738887999E-003
  0.82499996572732903        1.0000000000000000        3.4733592342486241E-003
  0.88999996483325949        1.0000000000000000        3.4980459658383841E-003
  0.95499996393918973        1.0000000000000000        3.5242696135652681E-003
   1.0199999630451200        1.0000000000000000        3.5520806175191539E-003
   1.0849999621510504        1.0000000000000000        3.5815806057457643E-003
   1.1499999612569807        1.0000000000000000        3.6129208572381979E-003
   1.2149999603629111        1.0000000000000000        3.6129208722975314E-003
   1.2799999594688414        1.0000000000000000        3.6129208722975254E-003
   1.3449999585747716        1.0000000000000000        3.6129208722975254E-003
   1.4099999576807019        1.0000000000000000        3.6129208722975375E-003
   1.4749999567866325        1.0000000000000000        3.6129208722975375E-003
   1.5399999558925628        1.0000000000000000        3.6129208722975254E-003
   1.6049999549984930        1.0000000000000000        3.6129208722975254E-003
   1.6699999541044233        1.0000000000000000        3.6129208722975254E-003
   1.7349999532103535        1.0000000000000000        3.6129208722975375E-003
   1.7999999523162842        1.0000000000000000        3.6129208722975622E-003
