           1   2.9037959475364476E-003                       NaN
           2   3.0739515205829415E-003                       NaN
           3   3.1290426620573376E-003                       NaN
           4   3.1370533931480852E-003                       NaN
           5   3.1209277678513423E-003                       NaN
           6   3.0908610976372172E-003                       NaN
           7   3.0522729689616886E-003                       NaN
           8   3.0083346167988829E-003                       NaN
           9   2.9610074704450352E-003                       NaN
          10   2.9115514368552916E-003                       NaN
          11   2.8608006141296102E-003                       NaN
          12   2.8093221785247921E-003                       NaN
          13   2.7575114573617564E-003                       NaN
          14   2.7056503734944337E-003                       NaN
          15   2.6539442358057171E-003                       NaN
          16   2.6025454629821851E-003                       NaN
          17   2.5515692741376354E-003                       NaN
          18   2.5011043352876536E-003                       NaN
          19   2.4512198511684505E-003                       NaN
          20   2.4019706075083208E-003                       NaN
          21   2.3534005045815522E-003                       NaN
          22   2.3055449739525290E-003                       NaN
          23   2.2584326268544268E-003                       NaN
          24   2.2120864040054426E-003                       NaN
          25   2.1665244113613842E-003                       NaN
          26   2.1217605587394539E-003                       NaN
          27   2.0778050722217428E-003                       NaN
          28   2.0346649225209410E-003                       NaN
          29   1.9923441942274471E-003                       NaN
          30   1.9508444109005024E-003                       NaN
          31   1.9101648253752289E-003                       NaN
          32   1.8703026810887389E-003                       NaN
          33   1.8312534486064089E-003                       NaN
          34   1.7930110402917768E-003                       NaN
          35   1.7555680053341967E-003                       NaN
          36   1.7189157070031059E-003                       NaN
          37   1.6830444836464394E-003                       NaN
          38   1.6479437948231427E-003                       NaN
          39   1.6136023537410959E-003                       NaN
          40   1.5800082470001076E-003                       NaN
          41   1.5471490428537111E-003                       NaN
          42   1.5150118885918907E-003                       NaN
          43   1.4835835981856841E-003                       NaN
          44   1.4528507308762012E-003                       NaN
          45   1.4227996612604474E-003                       NaN
          46   1.3934166419167816E-003                       NaN
          47   1.3646878590274514E-003                       NaN
          48   1.3365994813952658E-003                       NaN
          49   1.3091377038955264E-003                       NaN
          50   1.2822887854432056E-003                       NaN
          51   1.2560390821645384E-003                       NaN
          52   1.2303750761944289E-003                       NaN
          53   1.2052834005884829E-003                       NaN
          54   1.1807508604970301E-003                       NaN
          55   1.1567644512520694E-003                       NaN
          56   1.1333113735229878E-003                       NaN
          57   1.1103790458266069E-003                       NaN
          58   1.0879551148356217E-003                       NaN
          59   1.0660274634164877E-003                       NaN
          60   1.0445842170774364E-003                       NaN
          61   1.0236137485862171E-003                       NaN
          62   1.0031046811617627E-003                       NaN
          63   9.8304589056192096E-004                       NaN
          64   9.6342650583979038E-004                       NaN
          65   9.4423590924692751E-004                       NaN
          66   9.2546373527209620E-004                       NaN
          67   9.0709986889099363E-004                       NaN
          68   8.8913444325028031E-004                       NaN
          69   8.7155783678024320E-004                       NaN
          70   8.5436066986081761E-004                       NaN
          71   8.3753380101491749E-004                       NaN
          72   8.2106832292774476E-004                       NaN
          73   8.0495555808195727E-004                       NaN
          74   7.8918705424135458E-004                       NaN
          75   7.7375457973164602E-004                       NaN
          76   7.5865011863596643E-004                       NaN
          77   7.4386586585713731E-004                       NaN
          78   7.2939422215874015E-004                       NaN
          79   7.1522778911159261E-004                       NaN
          80   7.0135936407293069E-004                       NaN
          81   6.8778193526671286E-004                       NaN
          82   6.7448867665897744E-004                       NaN
          83   6.6147294312970657E-004                       NaN
          84   6.4872826550892474E-004                       NaN
          85   6.3624834580075236E-004                       NaN
          86   6.2402705244112369E-004                       NaN
          87   6.1205841564598753E-004                       NaN
          88   6.0033662280232841E-004                       NaN
          89   5.8885601403944529E-004                       NaN
          90   5.7761107790614292E-004                       NaN
          91   5.6659644692439663E-004                       NaN
          92   5.5580689362481265E-004                       NaN
          93   5.4523732636274364E-004                       NaN
          94   5.3488278540930604E-004                       NaN
          95   5.2473843912114316E-004                       NaN
          96   5.1479958015523085E-004                       NaN
          97   5.0506162187378978E-004                       NaN
          98   4.9552009476140375E-004                       NaN
          99   4.8617064308391361E-004                       NaN
         100   4.7700902149223207E-004                       NaN
CONVERGENCE CRITERIA NOT MET! Grid wrote to:  
elliptic_grid.dat             
RMS residual history written above
