  0.27500000596046448       0.14397421505665725        17.198662776714446     
  0.32500000723770689       0.13887903667077425        12.254790010604804     
  0.37500000851494925       0.13381299841454414        8.7397099104537315     
  0.42500000979219166       0.12875884666088785        6.3173185401138827     
  0.47500001106943401       0.12370198266005861        4.6564485099276043     
  0.52500001234667648       0.11863044712409723        3.4302881370634575     
  0.57500001362391884        9.5560771066690989E-002  -5.3379825700132069E-002
  0.62500001490116119        9.4592248039528912E-002 -0.16502228680039091     
  0.67500001617840355        9.3623725012366835E-002 -0.27666474790064977     
  0.72500001745564602        9.2655201985204744E-002 -0.38830720900090887     
  0.77500001873288837        9.1686678958042667E-002 -0.49994967010116770     
  0.82500002001013073        8.8464151691968626E-002 -0.83050596857760262     
  0.87500002128737320        8.3409999938312357E-002  -1.2898921584455985     
  0.92500002256461555        7.8349458935497801E-002  -1.6422014101307816     
  0.97500002384185791        7.3288565883603510E-002  -1.8935452482435480     
