  0.25009939314653262       0.14652086863990027        20.050000000000001     
  0.30258448042052677       0.14115307562324178        14.039999999999999     
  0.35745525347970242       0.13558647545781818        9.6699999999999999     
  0.41252483368764326       0.13001987529239456        6.7500000000000000     
  0.46759441389558404       0.12445327512697092        4.8399999999999999     
  0.52246518695475974       0.11888667496154730        3.4800000000000000     
  0.57753476716270047       0.11332007479612367        2.3999999999999999     
  0.63240554022187623       0.10775347463070008        1.5100000000000000     
  0.68747512042981707       0.10218687446527645       0.76000000000000001     
  0.74254470063775779        9.6620274299852829E-002   8.9999999999999997E-002
  0.55109341637693832        9.6023852853557440E-002   0.0000000000000000     
  0.79741547369693355        9.1252481283194339E-002 -0.55000000000000004     
  0.85248505390487439        8.5685881117770715E-002  -1.1100000000000001     
  0.90755463411281523        8.0119280952347105E-002  -1.5500000000000000     
  0.96242540717199088        7.4552680786923481E-002  -1.8400000000000001     
  0.99999995828860022        7.0775344960386011E-002  -2.0000000000000000     
