          10   8.4237498525197019E-004
          20   9.8222260700908670E-004
          30   7.7983846402673862E-007
          40   2.4130595565785562E-004
          50   1.4992738804009420E-005
          60   8.0284516993600619E-005
          70   1.0255166750483546E-004
          80   4.9623802388154559E-005
          90   6.0911309503364208E-005
         100   1.1436429837496931E-004
         110   1.0746872040567901E-004
         120   9.2657279033403483E-005
         130   6.6498294301275962E-005
         140   4.7150960425845767E-005
         150   3.4447194835252049E-005
         160   2.1065608507564448E-005
         170   3.1438098948566306E-006
         180   1.8024981591535649E-005
         190   1.2322093204364393E-004
         200   1.8966774393969210E-004
         210   1.5565987807075743E-004
         220   1.4329217891506651E-004
         230   7.7284693318357967E-005
         240   4.5314479907077043E-005
         250   5.4574339574786634E-005
         260   4.0815813651340349E-005
         270   4.2208187995829149E-006
         280   6.9672568418610581E-005
         290   1.2511008881821439E-004
         300   1.1212293244233784E-004
         310   9.5856263693239185E-005
         320   1.0574106009242357E-004
         330   1.1119628740341447E-004
         340   1.2411668835166090E-004
         350   1.2813862901683848E-004
         360   1.2508379890041610E-004
         370   1.2005491858380068E-004
         380   1.4304901725537000E-004
         390   1.3219169152911547E-004
         400   1.4801649480045143E-004
         410   1.5104847168201374E-004
         420   1.5873288010914699E-004
         430   2.1836676251330012E-004
         440   2.1534878758422416E-004
         450   1.5085509850609746E-004
         460   9.2199912251844651E-005
         470   3.9306848775622072E-005
         480   1.8964926717934816E-007
         490   1.9233883972846755E-005
         500   4.0448621541511187E-005
         510   5.0687037813856861E-005
         520   5.9292290450763119E-005
         530   5.7008013515824629E-005
         540   5.3513852744435653E-005
         550   5.3964925160077115E-005
         560   5.1672152335369148E-005
         570   5.3715688779654158E-005
         580   5.3186159777451891E-005
         590   5.1065223747315258E-005
         600   4.6599796673651994E-005
         610   4.5121020999294714E-005
         620   4.5475528899441287E-005
         630   4.7190661787155364E-005
         640   4.8923776375442429E-005
         650   4.5560854911030901E-005
         660   4.5468379383128976E-005
         670   3.8426088481591236E-005
         680   4.4910124877839408E-005
         690   3.9284085717294914E-005
         700   5.1419434777599804E-005
         710   3.7361261500112875E-005
         720   4.7708381468059002E-005
         730   3.4516560676323138E-005
         740   4.3191415090682028E-005
         750   3.7610607021454356E-005
         760   4.4681349205211163E-005
         770   3.8075373438362092E-005
         780   4.0526439109456192E-005
         790   3.6501069198280334E-005
         800   3.6736786167779201E-005
         810   3.9358027600799872E-005
         820   3.6074501397420633E-005
         830   4.1031957517478901E-005
         840   3.1368174722157249E-005
         850   3.9321556159155335E-005
         860   2.7937965011215482E-005
         870   3.6826469439699139E-005
         880   2.5976319912413004E-005
         890   3.2724786849902543E-005
         900   2.2970636910590869E-005
         910   2.6450339387196209E-005
         920   1.9124733350750489E-005
         930   2.2880255989621290E-005
         940   1.5678986211131729E-005
         950   1.8500549943789579E-005
         960   1.3174972041118949E-005
         970   1.2253233266035224E-005
         980   1.2053286412738728E-005
         990   9.6971234184728416E-006
        1000   8.9988050253619889E-006
        1010   5.9207505762604029E-006
        1020   8.2913829064779065E-006
        1030   3.7772112109202283E-006
        1040   8.9052141847290045E-006
        1050   1.3091704258449965E-006
        1060   8.0887281381780696E-006
        1070   1.1871007379316012E-006
        1080   6.2540792675758183E-006
        1090   3.5246139051814396E-007
        1100   7.2962530510700674E-006
        1110   1.8142878013271968E-006
        1120   4.4535683090263234E-006
        1130   2.4264413431840381E-006
        1140   2.2299501947209421E-006
        1150   4.3591166121181857E-007
        1160   3.9516402430272990E-006
        1170   7.5168983348916640E-007
        1180   2.4118330643752017E-007
        1190   6.4052936132874549E-007
        1200   2.0113049556957918E-006
        1210   2.4044995565741800E-006
        1220   2.3378062681267409E-006
        1230   3.0539676016960726E-006
        1240   4.5531578765078962E-006
        1250   1.9927107537398570E-006
        1260   2.4685121273737565E-006
        1270   4.7540165626358544E-006
        1280   3.3847566629496839E-006
        1290   3.5962607847217498E-006
        1300   3.4044359333851304E-006
        1310   2.2337241718517475E-006
        1320   6.6442154555979016E-007
        1330   3.3345468235523867E-006
        1340   2.7454114313041345E-006
        1350   8.0656914103194310E-007
        1360   2.5219697263878516E-007
        1370   1.5528636165829113E-006
        1380   3.1857809630331246E-006
        1390   2.0234875606206515E-006
        1400   1.4889158905795341E-007
        1410   3.4982034855524091E-006
        1420   3.0375737358756538E-006
        1430   1.9460867881626598E-006
        1440   5.9334376973918523E-006
        1450   5.6434847561792623E-006
        1460   2.4299383842851796E-006
        1470   2.6906925760794564E-006
        1480   3.5453659821271799E-006
        1490   3.7100770056142096E-007
        1500   2.2916034692066489E-006
        1510   2.8066144595051412E-006
        1520   1.9638214365791384E-006
        1530   4.0296680214879643E-007
        1540   9.6711112851366465E-007
        1550   1.9168396769853047E-006
        1560   2.4634084925256872E-006
        1570   1.1355127678136512E-006
        1580   1.2835818135048527E-006
        1590   1.8495219080705283E-006
        1600   1.9657876815237785E-006
        1610   3.6228384434622285E-006
        1620   3.9074235853586714E-006
        1630   2.7284915948833088E-006
        1640   2.2557091823305342E-006
        1650   2.7945924765404584E-006
        1660   1.1947736959783128E-006
        1670   3.1332664460759219E-006
        1680   2.3017411363568385E-006
        1690   1.2832024198772274E-006
        1700   2.1474673355115215E-006
        1710   2.3092368524046947E-006
        1720   5.2101095326939628E-007
        1730   1.6564184224243661E-007
        1740   1.4889935961992506E-006
        1750   2.7062033369773530E-007
        1760   1.0244376795753851E-006
        1770   8.9361583466285310E-008
        1780   1.6232895747592124E-006
        1790   2.8609383617705930E-006
        1800   2.2297217405764513E-007
        1810   3.2746003018058190E-006
        1820   1.8686337548423637E-006
        1830   1.8734438966827582E-006
        1840   4.3211031728329630E-006
        1850   3.4240998054713145E-006
        1860   2.1958842009173196E-006
        1870   4.1751670962764109E-006
        1880   5.0726920988175550E-006
        1890   2.9701245822799649E-006
        1900   5.0104476962964384E-006
        1910   4.2826414818897263E-006
        1920   2.5592436294630261E-006
        1930   3.1421718704738311E-006
        1940   3.8325737381494918E-006
        1950   1.0012225915012607E-007
        1960   7.1487012598403510E-007
        1970   5.9265866858559946E-007
        1980   2.5562972294501662E-006
        1990   9.6563598228627257E-008
        2000   1.1432424316115686E-006
        2010   3.9105236311343106E-006
        2020   3.3759901241214862E-006
        2030   1.4098608520640710E-006
        2040   4.0128816365392339E-006
        2050   2.9709816260492516E-006
        2060   1.6555014559216374E-006
        2070   5.2168259714324705E-006
        2080   3.4355810984987301E-006
        2086   6.7471572773314392E-009
  
Converged with   2086 iterations in   7.1875 seconds
Iteration vs. Residual RMSe history printed above
 Last state wrote to:  fLo2_Ust.dat                  
