          10   8.5156598727031962E-004
          20   4.1824258852529717E-004
          30   9.6529060275241108E-005
          40   2.0676148181575371E-005
          50   5.3363620859059324E-005
          60   6.2023416418366395E-005
          70   6.8836622449053309E-005
          80   7.7710635387306937E-005
          90   8.4651489314691020E-005
         100   8.6056979909487907E-005
         110   8.1383976794358048E-005
         120   7.2748812153466957E-005
         130   6.2330249718911546E-005
         140   5.0504397930861700E-005
         150   3.5620838749528261E-005
         160   1.5644165256345488E-005
         170   9.4833983328435068E-006
         180   3.6503157458289692E-005
         190   5.9616634268122581E-005
         200   7.3754364131151107E-005
         210   7.5921458608130266E-005
         220   6.6522887901543371E-005
         230   4.8173729636502571E-005
         240   2.4300323245629585E-005
         250   1.7414529458470440E-006
         260   2.7106930334364066E-005
         270   4.9575239230881252E-005
         280   6.7722262987901516E-005
         290   8.0986079955325252E-005
         300   8.9588963358977480E-005
         310   9.4344415534353132E-005
         320   9.6283788479478716E-005
         330   9.6439168984163715E-005
         340   9.5606030776185236E-005
         350   9.4353280906789294E-005
         360   9.2995564266562525E-005
         370   9.1603789914795897E-005
         380   9.0052746186009003E-005
         390   8.8151776436840024E-005
         400   8.5589562453858292E-005
         410   8.2068512606836563E-005
         420   7.7370517320263232E-005
         430   7.1359652471736368E-005
         440   6.4040452167901663E-005
         450   5.5553211743442077E-005
         460   4.6099376771024936E-005
         470   3.6154906310148505E-005
         480   2.5983581783517451E-005
         490   1.5954142446039654E-005
         500   6.3695199155056059E-006
         510   2.5380032702138067E-006
         520   1.0612707150414735E-005
         530   1.7773094130424383E-005
         540   2.3997211955562037E-005
         550   2.9311345108862241E-005
         560   3.3771838352736339E-005
         570   3.7453571210877001E-005
         580   4.0440168493915962E-005
         590   4.2817104726644573E-005
         600   4.4666783244773356E-005
         610   4.6064918566512958E-005
         620   4.7078986551207791E-005
         630   4.7768695884187196E-005
         640   4.8184223093272749E-005
         650   4.8367667800697234E-005
         660   4.8341899661075161E-005
         670   4.8161405773017307E-005
         680   4.7840049688385733E-005
         690   4.7392157541459312E-005
         700   4.6835980182624581E-005
         710   4.6187010209308710E-005
         720   4.5454412177958758E-005
         730   4.4645883196636760E-005
         740   4.3769306976804145E-005
         750   4.2830226521850534E-005
         760   4.1832173659717142E-005
         770   4.0779211588404252E-005
         780   3.9676971102187153E-005
         790   3.8530388045021624E-005
         800   3.7343587251825738E-005
         810   3.6120705083186877E-005
         820   3.4866236727770783E-005
         830   3.3584765357197455E-005
         840   3.2280715991817033E-005
         850   3.0958685247606255E-005
         860   2.9623595059646846E-005
         870   2.8280466310759422E-005
         880   2.6933364923209524E-005
         890   2.5589289059047005E-005
         900   2.4252164744886784E-005
         910   2.2926831680702975E-005
         920   2.1618161505809752E-005
         930   2.0330841225213447E-005
         940   1.9069338904387223E-005
         950   1.7837861903791108E-005
         960   1.6640272301193804E-005
         970   1.5480092568465054E-005
         980   1.4360467515350805E-005
         990   1.3284122391654662E-005
        1000   1.2253168307996276E-005
        1010   1.1270534608476268E-005
        1020   1.0336164038893259E-005
        1030   9.4512942185875914E-006
        1040   8.6168170121414533E-006
        1050   7.8329128416765315E-006
        1060   7.0993374088335059E-006
        1070   6.4154453300879766E-006
        1080   5.7802579764842932E-006
        1090   5.1925116453244158E-006
        1100   4.6506844062488284E-006
        1110   4.1530359655705951E-006
        1120   3.6976456136983415E-006
        1130   3.2824458033875459E-006
        1140   2.9052600396539674E-006
        1150   2.5638390610538409E-006
        1160   2.2558916417114716E-006
        1170   1.9791130112523092E-006
        1180   1.7312200939478828E-006
        1190   1.5099674446350519E-006
        1200   1.3131696199319975E-006
        1210   1.1387186709121977E-006
        1220   9.8459783415272284E-007
        1230   8.4889219187367360E-007
        1240   7.2979659226923843E-007
        1250   6.2562059555126837E-007
        1260   5.3479077588569623E-007
        1270   4.5585238117595850E-007
        1280   3.8746772079711889E-007
        1290   3.2841346375711566E-007
        1300   2.7757685239215846E-007
        1310   2.3395089487898701E-007
        1320   1.9662880257342863E-007
        1330   1.6479793951695854E-007
        1340   1.3773339690992259E-007
        1350   1.1479144701453947E-007
        1360   9.5402944877420737E-008
        1370   7.9066831970564522E-008
        1380   6.5343836785913822E-008
        1390   5.3850416570355719E-008
        1400   4.4253016806550249E-008
        1410   3.6262699065758852E-008
        1420   2.9630119025014778E-008
        1430   2.4140915266812613E-008
        1440   1.9611488211168648E-008
        1450   1.5885145199234785E-008
        1460   1.2828649031959571E-008
        1470   1.0329102018147296E-008
        1472   9.8873587095482662E-009
  
Converged with   1472 iterations in   4.1562 seconds
Iteration vs. Residual RMSe history printed above
 Last state wrote to:  o1_Ust.dat                    
