          10   1.1568783272619676E-003
          20   5.4521894752723732E-004
          30   1.4674995650953981E-004
          40   2.5754674880085204E-005
          50   4.6672019584637070E-006
          60   3.0911995110294299E-005
          70   1.3843532971957728E-005
          80   3.9826766776718259E-005
          90   6.4666534071777804E-005
         100   6.8582201727229730E-005
         110   8.6840129076115602E-005
         120   2.3318928407789485E-005
         130   4.4545992480937713E-005
         140   2.4864196600971056E-005
         150   1.2154711003464769E-004
         160   7.5275221227633082E-005
         170   8.1376866008620041E-005
         180   2.3002086548529199E-004
         190   2.5127036136396441E-004
         200   1.6381507063201184E-004
         210   1.2828059304204054E-004
         220   1.7005108202861052E-004
         230   1.8787341902992694E-004
         240   1.4202282217712359E-004
         250   6.7646928975539922E-005
         260   9.7000358478815940E-007
         270   5.2459867763143819E-005
         280   8.7454441779710734E-005
         290   1.0830889304247471E-004
         300   1.1801712380510310E-004
         310   1.2005195504727340E-004
         320   1.1717917077747053E-004
         330   1.1266157194733672E-004
         340   1.1142792534646340E-004
         350   1.2068520855290643E-004
         360   1.4733761963214853E-004
         370   1.9270635611845499E-004
         380   2.4642529854590478E-004
         390   2.8708456290438278E-004
         400   2.9463023593523374E-004
         410   2.6428344067075393E-004
         420   2.0777627350998529E-004
         430   1.4326582768320328E-004
         440   8.4694697542797570E-005
         450   3.8449355064917867E-005
         460   5.2222760922315814E-006
         470   1.7037260473973248E-005
         480   3.1132270256639671E-005
         490   3.9597829389226291E-005
         500   4.4356941363954405E-005
         510   4.6746467403879777E-005
         520   4.7731506585657613E-005
         530   4.7784506972625707E-005
         540   4.7312690626855058E-005
         550   4.6491585022678805E-005
         560   4.5464284789797915E-005
         570   4.4353947121322790E-005
         580   4.3255631028138453E-005
         590   4.2261189720615988E-005
         600   4.1451884687626617E-005
         610   4.0896202052165265E-005
         620   4.0628500524553246E-005
         630   4.0654295986763955E-005
         640   4.0955901424721830E-005
         650   4.1487962589403793E-005
         660   4.2195116950249911E-005
         670   4.3028544671308566E-005
         680   4.3914050960491835E-005
         690   4.4800551203039163E-005
         700   4.5628537689079707E-005
         710   4.6344060264713605E-005
         720   4.6917462212858752E-005
         730   4.7294767572703122E-005
         740   4.7429057908665584E-005
         750   4.7319430184655786E-005
         760   4.6946135446646053E-005
         770   4.6302162428846216E-005
         780   4.5393462088538783E-005
         790   4.4239671203705200E-005
         800   4.2854049011387119E-005
         810   4.1263363131704978E-005
         820   3.9500713048479241E-005
         830   3.7599238186469819E-005
         840   3.5592542553031237E-005
         850   3.3514047677263292E-005
         860   3.1395712905668560E-005
         870   2.9266564159469155E-005
         880   2.7152939871655235E-005
         890   2.5076878536367531E-005
         900   2.3057485843080983E-005
         910   2.1110305173488442E-005
         920   1.9247198943306287E-005
         930   1.7476762766532872E-005
         940   1.5805411802016778E-005
         950   1.4236548370405444E-005
         960   1.2771667874833526E-005
         970   1.1410657813737402E-005
         980   1.0152096805660094E-005
         990   8.9935815783537265E-006
        1000   7.9319594186166853E-006
        1010   6.9635309947191359E-006
        1020   6.0842606093292062E-006
        1030   5.2897734104107030E-006
        1040   4.5755020576798699E-006
        1050   3.9367229514031266E-006
        1060   3.3685992706367074E-006
        1070   2.8662183668703989E-006
        1080   2.4246292886775933E-006
        1090   2.0388826273975980E-006
        1100   1.7040737809725925E-006
        1110   1.4153887679668742E-006
        1120   1.1681506426608479E-006
        1130   9.5786431764111057E-007
        1140   7.8025750016585960E-007
        1150   6.3131563821094971E-007
        1160   5.0730949907595857E-007
        1170   4.0481440577444516E-007
        1180   3.2072093736346119E-007
        1190   2.5223742450286579E-007
        1200   1.9688495123126870E-007
        1210   1.5248598028705374E-007
        1220   1.1714782299776516E-007
        1230   8.9242331302585853E-008
        1240   6.7383029822565277E-008
        1250   5.0400895013069658E-008
        1260   3.7319811241331990E-008
        1270   2.7332516916445115E-008
        1280   1.9777666615539147E-008
        1290   1.4118513247396436E-008
        1300   9.9234682693349896E-009
        1300   9.9234682693349896E-009
  
Converged with   1300 iterations in   3.9688 seconds
Iteration vs. Residual RMSe history printed above
 Last state wrote to:  o2_Ust.dat                    
